1.41844,-0.311303,1.0472,-1.56277,0.48641,1.5708,-3.79,1.31551,1.5708,3.74,0.738068,3.14159,-3.4231,-1.12518,2.0944,2.71118,0.283203,1.0472,
1.41844,-0.311303,1.0472,-1.56277,0.48641,1.5708,-3.79,1.31551,1.5708,3.74,0.738068,3.14159,-3.4231,-1.12518,2.0944,2.71118,0.283203,1.0472,
1.41844,-0.311303,1.0472,-1.56277,0.48641,1.5708,-3.79,1.31551,1.5708,3.74,0.738068,3.14159,-3.4231,-1.12518,2.0944,2.71118,0.283203,1.0472,
1.16574,-0.158001,1.8326,-1.56231,0.369434,1.5708,-2.79908,-2.29,-3.14159,3.74,0.738068,3.14159,-3.4231,-1.12518,2.0944,2.71118,0.283203,1.0472,
1.16574,-0.158001,1.8326,-1.56231,0.369434,1.5708,-2.79908,-2.29,-3.14159,3.74,0.738068,3.14159,-3.4231,-1.12518,2.0944,2.71118,0.283203,1.0472,
1.16574,-0.158001,1.8326,-1.56231,0.369434,1.5708,-2.79908,-2.29,-3.14159,3.74,0.738068,3.14159,-3.4231,-1.12518,2.0944,2.71118,0.283203,1.0472,
1.16574,-0.158001,1.8326,-1.56231,0.369434,1.5708,-2.79908,-2.29,-3.14159,3.74,0.738068,3.14159,-3.4231,-1.12518,2.0944,2.71118,0.283203,1.0472,
1.16574,-0.158001,1.8326,-1.56231,0.369434,1.5708,-2.79908,-2.29,-3.14159,3.74,0.738068,3.14159,-3.4231,-1.12518,2.0944,2.71118,0.283203,1.0472,
1.16574,-0.158001,1.8326,-1.56231,0.369434,1.5708,-2.79908,-2.29,-3.14159,3.74,0.738068,3.14159,-3.4231,-1.12518,2.0944,2.71118,0.283203,1.0472,
1.16574,-0.158001,1.8326,-1.56231,0.369434,1.5708,-2.79908,-2.29,-3.14159,3.74,0.738068,3.14159,-3.4231,-1.12518,2.0944,2.71118,0.283203,1.0472,
1.28863,1.32534,1.5708,-1.60387,0.137878,1.0472,3.79,-1.79137,-1.5708,3.74,0.738068,3.14159,-3.4231,-1.12518,2.0944,2.71118,0.283203,1.0472,
1.28863,1.32534,1.5708,-1.60387,0.137878,1.0472,3.79,-1.79137,-1.5708,3.74,0.738068,3.14159,-3.4231,-1.12518,2.0944,2.71118,0.283203,1.0472,
1.28863,1.32534,1.5708,-1.60387,0.137878,1.0472,3.79,-1.79137,-1.5708,3.74,0.738068,3.14159,-3.4231,-1.12518,2.0944,2.71118,0.283203,1.0472,
1.28863,1.32534,1.5708,-1.60387,0.137878,1.0472,3.79,-1.79137,-1.5708,3.74,0.738068,3.14159,-3.4231,-1.12518,2.0944,2.71118,0.283203,1.0472,
2.40098,1.39706,1.5708,-0.622523,0.590418,-3.14159,-3.03997,2.29,0,-3.74,0.544739,0,-2.64488,-1.48269,0.523599,2.35249,-1.76108,2.0944,
2.40098,1.39706,1.5708,-0.622523,0.590418,-3.14159,-3.03997,2.29,0,-3.74,0.544739,0,-2.64488,-1.48269,0.523599,2.35249,-1.76108,2.0944,
2.40098,1.39706,1.5708,-0.622523,0.590418,-3.14159,-3.03997,2.29,0,-3.74,0.544739,0,-2.64488,-1.48269,0.523599,2.35249,-1.76108,2.0944,
2.46973,0.424957,1.309,-0.252441,-0.210266,2.87979,-3.79,-1.95862,1.5708,-3.74,0.544739,0,-2.7876,-1.37451,1.309,3.59644,-1.79214,2.61799,
2.46973,0.424957,1.309,-0.252441,-0.210266,2.87979,-3.79,-1.95862,1.5708,-3.74,0.544739,0,-2.7876,-1.37451,1.309,3.59644,-1.79214,2.61799,
2.46973,0.424957,1.309,-0.252441,-0.210266,2.87979,-3.79,-1.95862,1.5708,-3.74,0.544739,0,-2.7876,-1.37451,1.309,3.59644,-1.79214,2.61799,
2.46973,0.424957,1.309,-0.252441,-0.210266,2.87979,-3.79,-1.95862,1.5708,-3.74,0.544739,0,-2.7876,-1.37451,1.309,3.59644,-1.79214,2.61799,
2.46973,0.424957,1.309,-0.252441,-0.210266,2.87979,-3.79,-1.95862,1.5708,-3.74,0.544739,0,-2.7876,-1.37451,1.309,3.59644,-1.79214,2.61799,
2.73228,0.978666,1.8326,-0.249042,-0.214353,1.8326,-1.65208,-2.29,-3.14159,-3.74,0.60281,0,-2.39294,-0.409905,1.309,1.54418,-2.0344,2.0944,
2.73228,0.978666,1.8326,-0.249042,-0.214353,1.8326,-1.65208,-2.29,-3.14159,-3.74,0.60281,0,-2.39294,-0.409905,1.309,1.54418,-2.0344,2.0944,
2.73228,0.978666,1.8326,-0.249042,-0.214353,1.8326,-1.65208,-2.29,-3.14159,-3.74,0.60281,0,-2.39294,-0.409905,1.309,1.54418,-2.0344,2.0944,
2.73228,0.978666,1.8326,-0.249042,-0.214353,1.8326,-1.65208,-2.29,-3.14159,-3.74,0.60281,0,-2.39294,-0.409905,1.309,1.54418,-2.0344,2.0944,
2.73228,0.978666,1.8326,-0.249042,-0.214353,1.8326,-1.65208,-2.29,-3.14159,-3.74,0.60281,0,-2.39294,-0.409905,1.309,1.54418,-2.0344,2.0944,
2.30754,-0.49032,1.8326,-0.173902,0.0389753,1.8326,-3.79,-1.92236,1.5708,-3.74,0.219467,0,-2.31961,-1.49878,1.8326,1.6235,-1.84799,0.785398,
2.6881,-0.387346,1.5708,-1.13884,0.294594,1.8326,-2.54241,-2.29,-3.14159,-3.74,0.356262,0,-3.53535,-1.63051,1.8326,-1.24409,-1.92267,0.523599,
2.6881,-0.387346,1.5708,-1.13884,0.294594,1.8326,-2.54241,-2.29,-3.14159,-3.74,0.356262,0,-3.53535,-1.63051,1.8326,-1.24409,-1.92267,0.523599,
2.6881,-0.387346,1.5708,-1.13884,0.294594,1.8326,-2.54241,-2.29,-3.14159,-3.74,0.356262,0,-3.53535,-1.63051,1.8326,-1.24409,-1.92267,0.523599,
2.6881,-0.387346,1.5708,-1.13884,0.294594,1.8326,-2.54241,-2.29,-3.14159,-3.74,0.356262,0,-3.53535,-1.63051,1.8326,-1.24409,-1.92267,0.523599,
2.6881,-0.387346,1.5708,-1.13884,0.294594,1.8326,-2.54241,-2.29,-3.14159,-3.74,0.356262,0,-3.53535,-1.63051,1.8326,-1.24409,-1.92267,0.523599,
2.6881,-0.387346,1.5708,-1.13884,0.294594,1.8326,-2.54241,-2.29,-3.14159,-3.74,0.356262,0,-3.53535,-1.63051,1.8326,-1.24409,-1.92267,0.523599,
2.6881,-0.387346,1.5708,-1.13884,0.294594,1.8326,-2.54241,-2.29,-3.14159,-3.74,0.356262,0,-3.53535,-1.63051,1.8326,-1.24409,-1.92267,0.523599,
2.6881,-0.387346,1.5708,-1.13884,0.294594,1.8326,-2.54241,-2.29,-3.14159,-3.74,0.356262,0,-3.53535,-1.63051,1.8326,-1.24409,-1.92267,0.523599,
2.77641,0.183406,1.5708,-1.40628,0.316426,1.5708,-2.187,2.29,0,-3.74,0.508687,0,-3.01652,-1.91095,1.8326,0.807321,-0.00663364,0,
2.77641,0.183406,1.5708,-1.40628,0.316426,1.5708,-2.187,2.29,0,-3.74,0.508687,0,-3.01652,-1.91095,1.8326,0.807321,-0.00663364,0,
2.77641,0.183406,1.5708,-1.40628,0.316426,1.5708,-2.187,2.29,0,-3.74,0.508687,0,-3.01652,-1.91095,1.8326,0.807321,-0.00663364,0,
2.77641,0.183406,1.5708,-1.40628,0.316426,1.5708,-2.187,2.29,0,-3.74,0.508687,0,-3.01652,-1.91095,1.8326,0.807321,-0.00663364,0,
2.77641,0.183406,1.5708,-1.40628,0.316426,1.5708,-2.187,2.29,0,-3.74,0.508687,0,-3.01652,-1.91095,1.8326,0.807321,-0.00663364,0,
2.77641,0.183406,1.5708,-1.40628,0.316426,1.5708,-2.187,2.29,0,-3.74,0.508687,0,-3.01652,-1.91095,1.8326,0.807321,-0.00663364,0,
2.77641,0.183406,1.5708,-1.40628,0.316426,1.5708,-2.187,2.29,0,-3.74,0.508687,0,-3.01652,-1.91095,1.8326,0.807321,-0.00663364,0,
2.77641,0.183406,1.5708,-1.40628,0.316426,1.5708,-2.187,2.29,0,-3.74,0.508687,0,-3.01652,-1.91095,1.8326,0.807321,-0.00663364,0,
2.77641,0.183406,1.5708,-1.40628,0.316426,1.5708,-2.187,2.29,0,-3.74,0.508687,0,-3.01652,-1.91095,1.8326,0.807321,-0.00663364,0,
2.77641,0.183406,1.5708,-1.40628,0.316426,1.5708,-2.187,2.29,0,-3.74,0.508687,0,-3.01652,-1.91095,1.8326,0.807321,-0.00663364,0,
2.77641,0.183406,1.5708,-1.40628,0.316426,1.5708,-2.187,2.29,0,-3.74,0.508687,0,-3.01652,-1.91095,1.8326,0.807321,-0.00663364,0,
2.77641,0.183406,1.5708,-1.40628,0.316426,1.5708,-2.187,2.29,0,-3.74,0.508687,0,-3.01652,-1.91095,1.8326,0.807321,-0.00663364,0,
2.77641,0.183406,1.5708,-1.40628,0.316426,1.5708,-2.187,2.29,0,-3.74,0.508687,0,-3.01652,-1.91095,1.8326,0.807321,-0.00663364,0,
2.80115,-0.685875,1.5708,-0.990595,-0.731094,1.5708,3.79,1.93278,-1.5708,-3.74,0.60276,0,-2.99794,-1.05425,0.523599,1.20228,0.931324,0.785398,
2.80115,-0.685875,1.5708,-0.990595,-0.731094,1.5708,3.79,1.93278,-1.5708,-3.74,0.60276,0,-2.99794,-1.05425,0.523599,1.20228,0.931324,0.785398,
2.80115,-0.685875,1.5708,-0.990595,-0.731094,1.5708,3.79,1.93278,-1.5708,-3.74,0.60276,0,-2.99794,-1.05425,0.523599,1.20228,0.931324,0.785398,
2.80115,-0.685875,1.5708,-0.990595,-0.731094,1.5708,3.79,1.93278,-1.5708,-3.74,0.60276,0,-2.99794,-1.05425,0.523599,1.20228,0.931324,0.785398,
2.80115,-0.685875,1.5708,-0.990595,-0.731094,1.5708,3.79,1.93278,-1.5708,-3.74,0.60276,0,-2.99794,-1.05425,0.523599,1.20228,0.931324,0.785398,
2.80115,-0.685875,1.5708,-0.990595,-0.731094,1.5708,3.79,1.93278,-1.5708,-3.74,0.60276,0,-2.99794,-1.05425,0.523599,1.20228,0.931324,0.785398,
2.80115,-0.685875,1.5708,-0.990595,-0.731094,1.5708,3.79,1.93278,-1.5708,-3.74,0.60276,0,-2.99794,-1.05425,0.523599,1.20228,0.931324,0.785398,
1.98927,0.0973749,0,-1.50498,-0.332038,0,-3.79,0.776683,1.5708,2.43668,-2.24,1.5708,3.32785,-1.21806,2.0944,0.206452,1.69547,-2.35619,
1.98927,0.0973749,0,-1.50498,-0.332038,0,-3.79,0.776683,1.5708,2.43668,-2.24,1.5708,3.32785,-1.21806,2.0944,0.206452,1.69547,-2.35619,
1.98927,0.0973749,0,-1.50498,-0.332038,0,-3.79,0.776683,1.5708,2.43668,-2.24,1.5708,3.32785,-1.21806,2.0944,0.206452,1.69547,-2.35619,
1.98927,0.0973749,0,-1.50498,-0.332038,0,-3.79,0.776683,1.5708,2.43668,-2.24,1.5708,3.32785,-1.21806,2.0944,0.206452,1.69547,-2.35619,
1.98927,0.0973749,0,-1.50498,-0.332038,0,-3.79,0.776683,1.5708,2.43668,-2.24,1.5708,3.32785,-1.21806,2.0944,0.206452,1.69547,-2.35619,
1.98927,0.0973749,0,-1.50498,-0.332038,0,-3.79,0.776683,1.5708,2.43668,-2.24,1.5708,3.32785,-1.21806,2.0944,0.206452,1.69547,-2.35619,
1.98927,0.0973749,0,-1.50498,-0.332038,0,-3.79,0.776683,1.5708,2.43668,-2.24,1.5708,3.32785,-1.21806,2.0944,0.206452,1.69547,-2.35619,
1.98927,0.0973749,0,-1.50498,-0.332038,0,-3.79,0.776683,1.5708,2.43668,-2.24,1.5708,3.32785,-1.21806,2.0944,0.206452,1.69547,-2.35619,
1.98927,0.0973749,0,-1.50498,-0.332038,0,-3.79,0.776683,1.5708,2.43668,-2.24,1.5708,3.32785,-1.21806,2.0944,0.206452,1.69547,-2.35619,
1.98927,0.0973749,0,-1.50498,-0.332038,0,-3.79,0.776683,1.5708,2.43668,-2.24,1.5708,3.32785,-1.21806,2.0944,0.206452,1.69547,-2.35619,
1.98927,0.0973749,0,-1.50498,-0.332038,0,-3.79,0.776683,1.5708,2.43668,-2.24,1.5708,3.32785,-1.21806,2.0944,0.206452,1.69547,-2.35619,
1.98927,0.0973749,0,-1.50498,-0.332038,0,-3.79,0.776683,1.5708,2.43668,-2.24,1.5708,3.32785,-1.21806,2.0944,0.206452,1.69547,-2.35619,
2.08228,0.0593236,0.261799,-1.40358,-0.0270958,-0.785398,-2.33212,2.29,0,2.27914,-2.24,1.5708,3.5152,-1.17655,1.5708,0.912412,1.11352,-2.61799,
2.08228,0.0593236,0.261799,-1.40358,-0.0270958,-0.785398,-2.33212,2.29,0,2.27914,-2.24,1.5708,3.5152,-1.17655,1.5708,0.912412,1.11352,-2.61799,
2.08228,0.0593236,0.261799,-1.40358,-0.0270958,-0.785398,-2.33212,2.29,0,2.27914,-2.24,1.5708,3.5152,-1.17655,1.5708,0.912412,1.11352,-2.61799,
2.08228,0.0593236,0.261799,-1.40358,-0.0270958,-0.785398,-2.33212,2.29,0,2.27914,-2.24,1.5708,3.5152,-1.17655,1.5708,0.912412,1.11352,-2.61799,
2.08228,0.0593236,0.261799,-1.40358,-0.0270958,-0.785398,-2.33212,2.29,0,2.27914,-2.24,1.5708,3.5152,-1.17655,1.5708,0.912412,1.11352,-2.61799,
2.08228,0.0593236,0.261799,-1.40358,-0.0270958,-0.785398,-2.33212,2.29,0,2.27914,-2.24,1.5708,3.5152,-1.17655,1.5708,0.912412,1.11352,-2.61799,
2.08228,0.0593236,0.261799,-1.40358,-0.0270958,-0.785398,-2.33212,2.29,0,2.27914,-2.24,1.5708,3.5152,-1.17655,1.5708,0.912412,1.11352,-2.61799,
2.08228,0.0593236,0.261799,-1.40358,-0.0270958,-0.785398,-2.33212,2.29,0,2.27914,-2.24,1.5708,3.5152,-1.17655,1.5708,0.912412,1.11352,-2.61799,
2.08228,0.0593236,0.261799,-1.40358,-0.0270958,-0.785398,-2.33212,2.29,0,2.27914,-2.24,1.5708,3.5152,-1.17655,1.5708,0.912412,1.11352,-2.61799,
2.08228,0.0593236,0.261799,-1.40358,-0.0270958,-0.785398,-2.33212,2.29,0,2.27914,-2.24,1.5708,3.5152,-1.17655,1.5708,0.912412,1.11352,-2.61799,
2.08228,0.0593236,0.261799,-1.40358,-0.0270958,-0.785398,-2.33212,2.29,0,2.27914,-2.24,1.5708,3.5152,-1.17655,1.5708,0.912412,1.11352,-2.61799,
2.08228,0.0593236,0.261799,-1.40358,-0.0270958,-0.785398,-2.33212,2.29,0,2.27914,-2.24,1.5708,3.5152,-1.17655,1.5708,0.912412,1.11352,-2.61799,
1.89552,-0.414538,0,-1.76809,-0.0722941,0,-1.53212,-2.29,-3.14159,2.16071,2.24,-1.5708,3.34945,-0.112496,2.61799,1.59486,1.12944,-2.61799,
1.89552,-0.414538,0,-1.76809,-0.0722941,0,-1.53212,-2.29,-3.14159,2.16071,2.24,-1.5708,3.34945,-0.112496,2.61799,1.59486,1.12944,-2.61799,
1.89552,-0.414538,0,-1.76809,-0.0722941,0,-1.53212,-2.29,-3.14159,2.16071,2.24,-1.5708,3.34945,-0.112496,2.61799,1.59486,1.12944,-2.61799,
1.89552,-0.414538,0,-1.76809,-0.0722941,0,-1.53212,-2.29,-3.14159,2.16071,2.24,-1.5708,3.34945,-0.112496,2.61799,1.59486,1.12944,-2.61799,
2.04183,-0.738977,2.0944,-1.07513,0.0860585,-2.87979,0.737884,2.29,0,-3.74,-0.432108,0,2.58619,0.688537,1.309,1.76796,1.00459,-1.8326,
2.04183,-0.738977,2.0944,-1.07513,0.0860585,-2.87979,0.737884,2.29,0,-3.74,-0.432108,0,2.58619,0.688537,1.309,1.76796,1.00459,-1.8326,
2.04183,-0.738977,2.0944,-1.07513,0.0860585,-2.87979,0.737884,2.29,0,-3.74,-0.432108,0,2.58619,0.688537,1.309,1.76796,1.00459,-1.8326,
2.04183,-0.738977,2.0944,-1.07513,0.0860585,-2.87979,0.737884,2.29,0,-3.74,-0.432108,0,2.58619,0.688537,1.309,1.76796,1.00459,-1.8326,
2.24717,-0.57029,2.0944,-1.14867,-0.195596,-3.14159,0.0286209,-2.29,-3.14159,-2.05786,-2.24,1.5708,0.926363,1.68175,1.0472,2.01402,1.86118,-0.261799,
2.24717,-0.57029,2.0944,-1.14867,-0.195596,-3.14159,0.0286209,-2.29,-3.14159,-2.05786,-2.24,1.5708,0.926363,1.68175,1.0472,2.01402,1.86118,-0.261799,
2.24717,-0.57029,2.0944,-1.14867,-0.195596,-3.14159,0.0286209,-2.29,-3.14159,-2.05786,-2.24,1.5708,0.926363,1.68175,1.0472,2.01402,1.86118,-0.261799,
2.24717,-0.57029,2.0944,-1.14867,-0.195596,-3.14159,0.0286209,-2.29,-3.14159,-2.05786,-2.24,1.5708,0.926363,1.68175,1.0472,2.01402,1.86118,-0.261799,
2.24717,-0.57029,2.0944,-1.14867,-0.195596,-3.14159,0.0286209,-2.29,-3.14159,-2.05786,-2.24,1.5708,0.926363,1.68175,1.0472,2.01402,1.86118,-0.261799,
2.24717,-0.57029,2.0944,-1.14867,-0.195596,-3.14159,0.0286209,-2.29,-3.14159,-2.05786,-2.24,1.5708,0.926363,1.68175,1.0472,2.01402,1.86118,-0.261799,
2.24717,-0.57029,2.0944,-1.14867,-0.195596,-3.14159,0.0286209,-2.29,-3.14159,-2.05786,-2.24,1.5708,0.926363,1.68175,1.0472,2.01402,1.86118,-0.261799,
2.24717,-0.57029,2.0944,-1.14867,-0.195596,-3.14159,0.0286209,-2.29,-3.14159,-2.05786,-2.24,1.5708,0.926363,1.68175,1.0472,2.01402,1.86118,-0.261799,
2.24717,-0.57029,2.0944,-1.14867,-0.195596,-3.14159,0.0286209,-2.29,-3.14159,-2.05786,-2.24,1.5708,0.926363,1.68175,1.0472,2.01402,1.86118,-0.261799,
2.24717,-0.57029,2.0944,-1.14867,-0.195596,-3.14159,0.0286209,-2.29,-3.14159,-2.05786,-2.24,1.5708,0.926363,1.68175,1.0472,2.01402,1.86118,-0.261799,
2.24717,-0.57029,2.0944,-1.14867,-0.195596,-3.14159,0.0286209,-2.29,-3.14159,-2.05786,-2.24,1.5708,0.926363,1.68175,1.0472,2.01402,1.86118,-0.261799,
2.24717,-0.57029,2.0944,-1.14867,-0.195596,-3.14159,0.0286209,-2.29,-3.14159,-2.05786,-2.24,1.5708,0.926363,1.68175,1.0472,2.01402,1.86118,-0.261799,
2.24717,-0.57029,2.0944,-1.14867,-0.195596,-3.14159,0.0286209,-2.29,-3.14159,-2.05786,-2.24,1.5708,0.926363,1.68175,1.0472,2.01402,1.86118,-0.261799,
2.24717,-0.57029,2.0944,-1.14867,-0.195596,-3.14159,0.0286209,-2.29,-3.14159,-2.05786,-2.24,1.5708,0.926363,1.68175,1.0472,2.01402,1.86118,-0.261799,
2.24717,-0.57029,2.0944,-1.14867,-0.195596,-3.14159,0.0286209,-2.29,-3.14159,-2.05786,-2.24,1.5708,0.926363,1.68175,1.0472,2.01402,1.86118,-0.261799,
2.24717,-0.57029,2.0944,-1.14867,-0.195596,-3.14159,0.0286209,-2.29,-3.14159,-2.05786,-2.24,1.5708,0.926363,1.68175,1.0472,2.01402,1.86118,-0.261799,
2.24717,-0.57029,2.0944,-1.14867,-0.195596,-3.14159,0.0286209,-2.29,-3.14159,-2.05786,-2.24,1.5708,0.926363,1.68175,1.0472,2.01402,1.86118,-0.261799,
2.24717,-0.57029,2.0944,-1.14867,-0.195596,-3.14159,0.0286209,-2.29,-3.14159,-2.05786,-2.24,1.5708,0.926363,1.68175,1.0472,2.01402,1.86118,-0.261799,
2.24717,-0.57029,2.0944,-1.14867,-0.195596,-3.14159,0.0286209,-2.29,-3.14159,-2.05786,-2.24,1.5708,0.926363,1.68175,1.0472,2.01402,1.86118,-0.261799,
2.44933,0.312004,0.785398,-1.62135,0.487101,3.14159,-3.79,-1.03802,1.5708,-2.46288,-2.24,1.5708,0.979656,1.88787,0.261799,3.13726,1.87092,-0.261799,
2.44933,0.312004,0.785398,-1.62135,0.487101,3.14159,-3.79,-1.03802,1.5708,-2.46288,-2.24,1.5708,0.979656,1.88787,0.261799,3.13726,1.87092,-0.261799,
2.44933,0.312004,0.785398,-1.62135,0.487101,3.14159,-3.79,-1.03802,1.5708,-2.46288,-2.24,1.5708,0.979656,1.88787,0.261799,3.13726,1.87092,-0.261799,
1.83036,-0.710031,1.0472,-1.73606,0.56399,-2.87979,-3.79,-1.40914,1.5708,-1.48202,-2.24,1.5708,-0.02438,2.10671,1.0472,3.46526,0.738075,-0.523599,
1.83036,-0.710031,1.0472,-1.73606,0.56399,-2.87979,-3.79,-1.40914,1.5708,-1.48202,-2.24,1.5708,-0.02438,2.10671,1.0472,3.46526,0.738075,-0.523599,
1.83036,-0.710031,1.0472,-1.73606,0.56399,-2.87979,-3.79,-1.40914,1.5708,-1.48202,-2.24,1.5708,-0.02438,2.10671,1.0472,3.46526,0.738075,-0.523599,
1.83036,-0.710031,1.0472,-1.73606,0.56399,-2.87979,-3.79,-1.40914,1.5708,-1.48202,-2.24,1.5708,-0.02438,2.10671,1.0472,3.46526,0.738075,-0.523599,
1.83036,-0.710031,1.0472,-1.73606,0.56399,-2.87979,-3.79,-1.40914,1.5708,-1.48202,-2.24,1.5708,-0.02438,2.10671,1.0472,3.46526,0.738075,-0.523599,
1.83036,-0.710031,1.0472,-1.73606,0.56399,-2.87979,-3.79,-1.40914,1.5708,-1.48202,-2.24,1.5708,-0.02438,2.10671,1.0472,3.46526,0.738075,-0.523599,
1.83036,-0.710031,1.0472,-1.73606,0.56399,-2.87979,-3.79,-1.40914,1.5708,-1.48202,-2.24,1.5708,-0.02438,2.10671,1.0472,3.46526,0.738075,-0.523599,
1.83036,-0.710031,1.0472,-1.73606,0.56399,-2.87979,-3.79,-1.40914,1.5708,-1.48202,-2.24,1.5708,-0.02438,2.10671,1.0472,3.46526,0.738075,-0.523599,
1.83036,-0.710031,1.0472,-1.73606,0.56399,-2.87979,-3.79,-1.40914,1.5708,-1.48202,-2.24,1.5708,-0.02438,2.10671,1.0472,3.46526,0.738075,-0.523599,
1.83036,-0.710031,1.0472,-1.73606,0.56399,-2.87979,-3.79,-1.40914,1.5708,-1.48202,-2.24,1.5708,-0.02438,2.10671,1.0472,3.46526,0.738075,-0.523599,
2.00355,-0.834049,1.309,-1.91256,0.273227,-2.87979,3.79,-1.68148,-1.5708,-2.42691,-2.24,1.5708,0.575864,1.77125,0,3.57872,1.47859,-0.523599,
2.00355,-0.834049,1.309,-1.91256,0.273227,-2.87979,3.79,-1.68148,-1.5708,-2.42691,-2.24,1.5708,0.575864,1.77125,0,3.57872,1.47859,-0.523599,
2.00355,-0.834049,1.309,-1.91256,0.273227,-2.87979,3.79,-1.68148,-1.5708,-2.42691,-2.24,1.5708,0.575864,1.77125,0,3.57872,1.47859,-0.523599,
2.00355,-0.834049,1.309,-1.91256,0.273227,-2.87979,3.79,-1.68148,-1.5708,-2.42691,-2.24,1.5708,0.575864,1.77125,0,3.57872,1.47859,-0.523599,
2.00355,-0.834049,1.309,-1.91256,0.273227,-2.87979,3.79,-1.68148,-1.5708,-2.42691,-2.24,1.5708,0.575864,1.77125,0,3.57872,1.47859,-0.523599,
2.00355,-0.834049,1.309,-1.91256,0.273227,-2.87979,3.79,-1.68148,-1.5708,-2.42691,-2.24,1.5708,0.575864,1.77125,0,3.57872,1.47859,-0.523599,
2.00355,-0.834049,1.309,-1.91256,0.273227,-2.87979,3.79,-1.68148,-1.5708,-2.42691,-2.24,1.5708,0.575864,1.77125,0,3.57872,1.47859,-0.523599,
1.73963,-0.217203,0,-1.38925,0.636959,-3.14159,3.79,-1.12765,-1.5708,-3.74,-0.548523,0,0.128567,-2.16068,1.309,2.83763,-1.89409,0,
1.73963,-0.217203,0,-1.38925,0.636959,-3.14159,3.79,-1.12765,-1.5708,-3.74,-0.548523,0,0.128567,-2.16068,1.309,2.83763,-1.89409,0,
1.73963,-0.217203,0,-1.38925,0.636959,-3.14159,3.79,-1.12765,-1.5708,-3.74,-0.548523,0,0.128567,-2.16068,1.309,2.83763,-1.89409,0,
1.73963,-0.217203,0,-1.38925,0.636959,-3.14159,3.79,-1.12765,-1.5708,-3.74,-0.548523,0,0.128567,-2.16068,1.309,2.83763,-1.89409,0,
1.73963,-0.217203,0,-1.38925,0.636959,-3.14159,3.79,-1.12765,-1.5708,-3.74,-0.548523,0,0.128567,-2.16068,1.309,2.83763,-1.89409,0,
1.73963,-0.217203,0,-1.38925,0.636959,-3.14159,3.79,-1.12765,-1.5708,-3.74,-0.548523,0,0.128567,-2.16068,1.309,2.83763,-1.89409,0,
1.73963,-0.217203,0,-1.38925,0.636959,-3.14159,3.79,-1.12765,-1.5708,-3.74,-0.548523,0,0.128567,-2.16068,1.309,2.83763,-1.89409,0,
1.73963,-0.217203,0,-1.38925,0.636959,-3.14159,3.79,-1.12765,-1.5708,-3.74,-0.548523,0,0.128567,-2.16068,1.309,2.83763,-1.89409,0,
1.73963,-0.217203,0,-1.38925,0.636959,-3.14159,3.79,-1.12765,-1.5708,-3.74,-0.548523,0,0.128567,-2.16068,1.309,2.83763,-1.89409,0,
1.73963,-0.217203,0,-1.38925,0.636959,-3.14159,3.79,-1.12765,-1.5708,-3.74,-0.548523,0,0.128567,-2.16068,1.309,2.83763,-1.89409,0,
1.73963,-0.217203,0,-1.38925,0.636959,-3.14159,3.79,-1.12765,-1.5708,-3.74,-0.548523,0,0.128567,-2.16068,1.309,2.83763,-1.89409,0,
1.73963,-0.217203,0,-1.38925,0.636959,-3.14159,3.79,-1.12765,-1.5708,-3.74,-0.548523,0,0.128567,-2.16068,1.309,2.83763,-1.89409,0,
1.73963,-0.217203,0,-1.38925,0.636959,-3.14159,3.79,-1.12765,-1.5708,-3.74,-0.548523,0,0.128567,-2.16068,1.309,2.83763,-1.89409,0,
1.73963,-0.217203,0,-1.38925,0.636959,-3.14159,3.79,-1.12765,-1.5708,-3.74,-0.548523,0,0.128567,-2.16068,1.309,2.83763,-1.89409,0,
1.73963,-0.217203,0,-1.38925,0.636959,-3.14159,3.79,-1.12765,-1.5708,-3.74,-0.548523,0,0.128567,-2.16068,1.309,2.83763,-1.89409,0,
1.4361,0.347122,0,-1.62624,0.0700395,3.14159,3.79,-1.58546,-1.5708,-1.9216,-2.24,1.5708,0.694224,-1.86168,0.785398,1.98296,-1.93622,-0.261799,
1.4361,0.347122,0,-1.62624,0.0700395,3.14159,3.79,-1.58546,-1.5708,-1.9216,-2.24,1.5708,0.694224,-1.86168,0.785398,1.98296,-1.93622,-0.261799,
1.4361,0.347122,0,-1.62624,0.0700395,3.14159,3.79,-1.58546,-1.5708,-1.9216,-2.24,1.5708,0.694224,-1.86168,0.785398,1.98296,-1.93622,-0.261799,
1.4361,0.347122,0,-1.62624,0.0700395,3.14159,3.79,-1.58546,-1.5708,-1.9216,-2.24,1.5708,0.694224,-1.86168,0.785398,1.98296,-1.93622,-0.261799,
1.4361,0.347122,0,-1.62624,0.0700395,3.14159,3.79,-1.58546,-1.5708,-1.9216,-2.24,1.5708,0.694224,-1.86168,0.785398,1.98296,-1.93622,-0.261799,
1.4361,0.347122,0,-1.62624,0.0700395,3.14159,3.79,-1.58546,-1.5708,-1.9216,-2.24,1.5708,0.694224,-1.86168,0.785398,1.98296,-1.93622,-0.261799,
2.32858,0.34957,0.523599,-0.962779,0.81536,-3.14159,-3.79,-1.6536,1.5708,-1.70701,-2.24,1.5708,0.520687,-1.11306,0.785398,2.25357,-1.40829,1.0472,
2.32858,0.34957,0.523599,-0.962779,0.81536,-3.14159,-3.79,-1.6536,1.5708,-1.70701,-2.24,1.5708,0.520687,-1.11306,0.785398,2.25357,-1.40829,1.0472,
2.32858,0.34957,0.523599,-0.962779,0.81536,-3.14159,-3.79,-1.6536,1.5708,-1.70701,-2.24,1.5708,0.520687,-1.11306,0.785398,2.25357,-1.40829,1.0472,
2.32858,0.34957,0.523599,-0.962779,0.81536,-3.14159,-3.79,-1.6536,1.5708,-1.70701,-2.24,1.5708,0.520687,-1.11306,0.785398,2.25357,-1.40829,1.0472,
2.32858,0.34957,0.523599,-0.962779,0.81536,-3.14159,-3.79,-1.6536,1.5708,-1.70701,-2.24,1.5708,0.520687,-1.11306,0.785398,2.25357,-1.40829,1.0472,
2.32858,0.34957,0.523599,-0.962779,0.81536,-3.14159,-3.79,-1.6536,1.5708,-1.70701,-2.24,1.5708,0.520687,-1.11306,0.785398,2.25357,-1.40829,1.0472,
2.32858,0.34957,0.523599,-0.962779,0.81536,-3.14159,-3.79,-1.6536,1.5708,-1.70701,-2.24,1.5708,0.520687,-1.11306,0.785398,2.25357,-1.40829,1.0472,
2.32858,0.34957,0.523599,-0.962779,0.81536,-3.14159,-3.79,-1.6536,1.5708,-1.70701,-2.24,1.5708,0.520687,-1.11306,0.785398,2.25357,-1.40829,1.0472,
2.32858,0.34957,0.523599,-0.962779,0.81536,-3.14159,-3.79,-1.6536,1.5708,-1.70701,-2.24,1.5708,0.520687,-1.11306,0.785398,2.25357,-1.40829,1.0472,
2.32858,0.34957,0.523599,-0.962779,0.81536,-3.14159,-3.79,-1.6536,1.5708,-1.70701,-2.24,1.5708,0.520687,-1.11306,0.785398,2.25357,-1.40829,1.0472,
2.32858,0.34957,0.523599,-0.962779,0.81536,-3.14159,-3.79,-1.6536,1.5708,-1.70701,-2.24,1.5708,0.520687,-1.11306,0.785398,2.25357,-1.40829,1.0472,
2.32858,0.34957,0.523599,-0.962779,0.81536,-3.14159,-3.79,-1.6536,1.5708,-1.70701,-2.24,1.5708,0.520687,-1.11306,0.785398,2.25357,-1.40829,1.0472,
2.32858,0.34957,0.523599,-0.962779,0.81536,-3.14159,-3.79,-1.6536,1.5708,-1.70701,-2.24,1.5708,0.520687,-1.11306,0.785398,2.25357,-1.40829,1.0472,
2.32858,0.34957,0.523599,-0.962779,0.81536,-3.14159,-3.79,-1.6536,1.5708,-1.70701,-2.24,1.5708,0.520687,-1.11306,0.785398,2.25357,-1.40829,1.0472,
2.32858,0.34957,0.523599,-0.962779,0.81536,-3.14159,-3.79,-1.6536,1.5708,-1.70701,-2.24,1.5708,0.520687,-1.11306,0.785398,2.25357,-1.40829,1.0472,
2.32858,0.34957,0.523599,-0.962779,0.81536,-3.14159,-3.79,-1.6536,1.5708,-1.70701,-2.24,1.5708,0.520687,-1.11306,0.785398,2.25357,-1.40829,1.0472,
2.32858,0.34957,0.523599,-0.962779,0.81536,-3.14159,-3.79,-1.6536,1.5708,-1.70701,-2.24,1.5708,0.520687,-1.11306,0.785398,2.25357,-1.40829,1.0472,
2.32858,0.34957,0.523599,-0.962779,0.81536,-3.14159,-3.79,-1.6536,1.5708,-1.70701,-2.24,1.5708,0.520687,-1.11306,0.785398,2.25357,-1.40829,1.0472,
2.32858,0.34957,0.523599,-0.962779,0.81536,-3.14159,-3.79,-1.6536,1.5708,-1.70701,-2.24,1.5708,0.520687,-1.11306,0.785398,2.25357,-1.40829,1.0472,
2.32858,0.34957,0.523599,-0.962779,0.81536,-3.14159,-3.79,-1.6536,1.5708,-1.70701,-2.24,1.5708,0.520687,-1.11306,0.785398,2.25357,-1.40829,1.0472,
2.32858,0.34957,0.523599,-0.962779,0.81536,-3.14159,-3.79,-1.6536,1.5708,-1.70701,-2.24,1.5708,0.520687,-1.11306,0.785398,2.25357,-1.40829,1.0472,
2.32858,0.34957,0.523599,-0.962779,0.81536,-3.14159,-3.79,-1.6536,1.5708,-1.70701,-2.24,1.5708,0.520687,-1.11306,0.785398,2.25357,-1.40829,1.0472,
2.32858,0.34957,0.523599,-0.962779,0.81536,-3.14159,-3.79,-1.6536,1.5708,-1.70701,-2.24,1.5708,0.520687,-1.11306,0.785398,2.25357,-1.40829,1.0472,
1.60501,-0.245659,0,-2.03553,-0.543153,1.5708,0.622976,-2.29,-3.14159,3.74,0.0099267,3.14159,3.20581,0.785196,1.5708,-0.00433864,0.795512,-0.523599,
1.60501,-0.245659,0,-2.03553,-0.543153,1.5708,0.622976,-2.29,-3.14159,3.74,0.0099267,3.14159,3.20581,0.785196,1.5708,-0.00433864,0.795512,-0.523599,
1.60501,-0.245659,0,-2.03553,-0.543153,1.5708,0.622976,-2.29,-3.14159,3.74,0.0099267,3.14159,3.20581,0.785196,1.5708,-0.00433864,0.795512,-0.523599,
1.60501,-0.245659,0,-2.03553,-0.543153,1.5708,0.622976,-2.29,-3.14159,3.74,0.0099267,3.14159,3.20581,0.785196,1.5708,-0.00433864,0.795512,-0.523599,
1.60501,-0.245659,0,-2.03553,-0.543153,1.5708,0.622976,-2.29,-3.14159,3.74,0.0099267,3.14159,3.20581,0.785196,1.5708,-0.00433864,0.795512,-0.523599,
1.60501,-0.245659,0,-2.03553,-0.543153,1.5708,0.622976,-2.29,-3.14159,3.74,0.0099267,3.14159,3.20581,0.785196,1.5708,-0.00433864,0.795512,-0.523599,
1.60501,-0.245659,0,-2.03553,-0.543153,1.5708,0.622976,-2.29,-3.14159,3.74,0.0099267,3.14159,3.20581,0.785196,1.5708,-0.00433864,0.795512,-0.523599,
1.60501,-0.245659,0,-2.03553,-0.543153,1.5708,0.622976,-2.29,-3.14159,3.74,0.0099267,3.14159,3.20581,0.785196,1.5708,-0.00433864,0.795512,-0.523599,
1.60501,-0.245659,0,-2.03553,-0.543153,1.5708,0.622976,-2.29,-3.14159,3.74,0.0099267,3.14159,3.20581,0.785196,1.5708,-0.00433864,0.795512,-0.523599,
1.60501,-0.245659,0,-2.03553,-0.543153,1.5708,0.622976,-2.29,-3.14159,3.74,0.0099267,3.14159,3.20581,0.785196,1.5708,-0.00433864,0.795512,-0.523599,
1.58377,-0.705059,0,-1.61222,-0.291395,1.309,-0.474208,-2.29,-3.14159,3.74,-0.545204,3.14159,3.06071,1.0427,1.5708,-0.00206321,1.12939,-0.523599,
1.58377,-0.705059,0,-1.61222,-0.291395,1.309,-0.474208,-2.29,-3.14159,3.74,-0.545204,3.14159,3.06071,1.0427,1.5708,-0.00206321,1.12939,-0.523599,
1.58377,-0.705059,0,-1.61222,-0.291395,1.309,-0.474208,-2.29,-3.14159,3.74,-0.545204,3.14159,3.06071,1.0427,1.5708,-0.00206321,1.12939,-0.523599,
1.58377,-0.705059,0,-1.61222,-0.291395,1.309,-0.474208,-2.29,-3.14159,3.74,-0.545204,3.14159,3.06071,1.0427,1.5708,-0.00206321,1.12939,-0.523599,
1.58377,-0.705059,0,-1.61222,-0.291395,1.309,-0.474208,-2.29,-3.14159,3.74,-0.545204,3.14159,3.06071,1.0427,1.5708,-0.00206321,1.12939,-0.523599,
1.58377,-0.705059,0,-1.61222,-0.291395,1.309,-0.474208,-2.29,-3.14159,3.74,-0.545204,3.14159,3.06071,1.0427,1.5708,-0.00206321,1.12939,-0.523599,
1.58377,-0.705059,0,-1.61222,-0.291395,1.309,-0.474208,-2.29,-3.14159,3.74,-0.545204,3.14159,3.06071,1.0427,1.5708,-0.00206321,1.12939,-0.523599,
1.58377,-0.705059,0,-1.61222,-0.291395,1.309,-0.474208,-2.29,-3.14159,3.74,-0.545204,3.14159,3.06071,1.0427,1.5708,-0.00206321,1.12939,-0.523599,
1.58377,-0.705059,0,-1.61222,-0.291395,1.309,-0.474208,-2.29,-3.14159,3.74,-0.545204,3.14159,3.06071,1.0427,1.5708,-0.00206321,1.12939,-0.523599,
1.65056,-0.801931,0,-2.08372,0.210055,1.5708,-1.09103,-2.29,-3.14159,3.74,-0.407955,3.14159,3.46251,1.86695,1.0472,0.0423648,-0.34946,-0.523599,
1.65056,-0.801931,0,-2.08372,0.210055,1.5708,-1.09103,-2.29,-3.14159,3.74,-0.407955,3.14159,3.46251,1.86695,1.0472,0.0423648,-0.34946,-0.523599,
1.65056,-0.801931,0,-2.08372,0.210055,1.5708,-1.09103,-2.29,-3.14159,3.74,-0.407955,3.14159,3.46251,1.86695,1.0472,0.0423648,-0.34946,-0.523599,
1.65056,-0.801931,0,-2.08372,0.210055,1.5708,-1.09103,-2.29,-3.14159,3.74,-0.407955,3.14159,3.46251,1.86695,1.0472,0.0423648,-0.34946,-0.523599,
1.65056,-0.801931,0,-2.08372,0.210055,1.5708,-1.09103,-2.29,-3.14159,3.74,-0.407955,3.14159,3.46251,1.86695,1.0472,0.0423648,-0.34946,-0.523599,
1.65056,-0.801931,0,-2.08372,0.210055,1.5708,-1.09103,-2.29,-3.14159,3.74,-0.407955,3.14159,3.46251,1.86695,1.0472,0.0423648,-0.34946,-0.523599,
1.65056,-0.801931,0,-2.08372,0.210055,1.5708,-1.09103,-2.29,-3.14159,3.74,-0.407955,3.14159,3.46251,1.86695,1.0472,0.0423648,-0.34946,-0.523599,
1.65056,-0.801931,0,-2.08372,0.210055,1.5708,-1.09103,-2.29,-3.14159,3.74,-0.407955,3.14159,3.46251,1.86695,1.0472,0.0423648,-0.34946,-0.523599,
1.65056,-0.801931,0,-2.08372,0.210055,1.5708,-1.09103,-2.29,-3.14159,3.74,-0.407955,3.14159,3.46251,1.86695,1.0472,0.0423648,-0.34946,-0.523599,
1.65056,-0.801931,0,-2.08372,0.210055,1.5708,-1.09103,-2.29,-3.14159,3.74,-0.407955,3.14159,3.46251,1.86695,1.0472,0.0423648,-0.34946,-0.523599,
1.65056,-0.801931,0,-2.08372,0.210055,1.5708,-1.09103,-2.29,-3.14159,3.74,-0.407955,3.14159,3.46251,1.86695,1.0472,0.0423648,-0.34946,-0.523599,
1.65056,-0.801931,0,-2.08372,0.210055,1.5708,-1.09103,-2.29,-3.14159,3.74,-0.407955,3.14159,3.46251,1.86695,1.0472,0.0423648,-0.34946,-0.523599,
1.65056,-0.801931,0,-2.08372,0.210055,1.5708,-1.09103,-2.29,-3.14159,3.74,-0.407955,3.14159,3.46251,1.86695,1.0472,0.0423648,-0.34946,-0.523599,
1.65056,-0.801931,0,-2.08372,0.210055,1.5708,-1.09103,-2.29,-3.14159,3.74,-0.407955,3.14159,3.46251,1.86695,1.0472,0.0423648,-0.34946,-0.523599,
1.65056,-0.801931,0,-2.08372,0.210055,1.5708,-1.09103,-2.29,-3.14159,3.74,-0.407955,3.14159,3.46251,1.86695,1.0472,0.0423648,-0.34946,-0.523599,
1.31972,-0.012305,-0.261799,-2.28753,-0.205059,1.5708,1.50468,-2.29,-3.14159,3.74,-0.0927134,3.14159,2.48256,1.77931,0.785398,-0.219311,-0.601071,-0.261799,
1.31972,-0.012305,-0.261799,-2.28753,-0.205059,1.5708,1.50468,-2.29,-3.14159,3.74,-0.0927134,3.14159,2.48256,1.77931,0.785398,-0.219311,-0.601071,-0.261799,
1.31972,-0.012305,-0.261799,-2.28753,-0.205059,1.5708,1.50468,-2.29,-3.14159,3.74,-0.0927134,3.14159,2.48256,1.77931,0.785398,-0.219311,-0.601071,-0.261799,
-1.04915,0.259911,-1.8326,2.37383,0.00065428,1.5708,-3.79,0.727846,1.5708,-0.712015,-2.24,1.5708,-1.18215,2.03974,-2.87979,-0.433274,-1.03689,-2.61799,
-1.04915,0.259911,-1.8326,2.37383,0.00065428,1.5708,-3.79,0.727846,1.5708,-0.712015,-2.24,1.5708,-1.18215,2.03974,-2.87979,-0.433274,-1.03689,-2.61799,
-1.04915,0.259911,-1.8326,2.37383,0.00065428,1.5708,-3.79,0.727846,1.5708,-0.712015,-2.24,1.5708,-1.18215,2.03974,-2.87979,-0.433274,-1.03689,-2.61799,
-1.90955,0.0440508,0,2.17297,-0.573919,1.5708,-3.79,-0.850327,1.5708,-2.48591,2.24,-1.5708,0.164492,1.82414,-1.8326,-1.42966,-1.20676,-1.5708,
-1.90955,0.0440508,0,2.17297,-0.573919,1.5708,-3.79,-0.850327,1.5708,-2.48591,2.24,-1.5708,0.164492,1.82414,-1.8326,-1.42966,-1.20676,-1.5708,
-1.90955,0.0440508,0,2.17297,-0.573919,1.5708,-3.79,-0.850327,1.5708,-2.48591,2.24,-1.5708,0.164492,1.82414,-1.8326,-1.42966,-1.20676,-1.5708,
-1.8487,0.441511,0,1.58745,-0.18439,2.35619,-3.01032,-2.29,-3.14159,-3.74,0.655211,0,0.13253,2.09882,-1.0472,-0.317456,-1.4257,-1.8326,
-1.8487,0.441511,0,1.58745,-0.18439,2.35619,-3.01032,-2.29,-3.14159,-3.74,0.655211,0,0.13253,2.09882,-1.0472,-0.317456,-1.4257,-1.8326,
-1.8487,0.441511,0,1.58745,-0.18439,2.35619,-3.01032,-2.29,-3.14159,-3.74,0.655211,0,0.13253,2.09882,-1.0472,-0.317456,-1.4257,-1.8326,
-1.8487,0.441511,0,1.58745,-0.18439,2.35619,-3.01032,-2.29,-3.14159,-3.74,0.655211,0,0.13253,2.09882,-1.0472,-0.317456,-1.4257,-1.8326,
-1.8487,0.441511,0,1.58745,-0.18439,2.35619,-3.01032,-2.29,-3.14159,-3.74,0.655211,0,0.13253,2.09882,-1.0472,-0.317456,-1.4257,-1.8326,
-1.8487,0.441511,0,1.58745,-0.18439,2.35619,-3.01032,-2.29,-3.14159,-3.74,0.655211,0,0.13253,2.09882,-1.0472,-0.317456,-1.4257,-1.8326,
-1.8487,0.441511,0,1.58745,-0.18439,2.35619,-3.01032,-2.29,-3.14159,-3.74,0.655211,0,0.13253,2.09882,-1.0472,-0.317456,-1.4257,-1.8326,
-1.8487,0.441511,0,1.58745,-0.18439,2.35619,-3.01032,-2.29,-3.14159,-3.74,0.655211,0,0.13253,2.09882,-1.0472,-0.317456,-1.4257,-1.8326,
-1.8487,0.441511,0,1.58745,-0.18439,2.35619,-3.01032,-2.29,-3.14159,-3.74,0.655211,0,0.13253,2.09882,-1.0472,-0.317456,-1.4257,-1.8326,
-1.8487,0.441511,0,1.58745,-0.18439,2.35619,-3.01032,-2.29,-3.14159,-3.74,0.655211,0,0.13253,2.09882,-1.0472,-0.317456,-1.4257,-1.8326,
-1.8487,0.441511,0,1.58745,-0.18439,2.35619,-3.01032,-2.29,-3.14159,-3.74,0.655211,0,0.13253,2.09882,-1.0472,-0.317456,-1.4257,-1.8326,
-1.8487,0.441511,0,1.58745,-0.18439,2.35619,-3.01032,-2.29,-3.14159,-3.74,0.655211,0,0.13253,2.09882,-1.0472,-0.317456,-1.4257,-1.8326,
-1.8487,0.441511,0,1.58745,-0.18439,2.35619,-3.01032,-2.29,-3.14159,-3.74,0.655211,0,0.13253,2.09882,-1.0472,-0.317456,-1.4257,-1.8326,
-1.8487,0.441511,0,1.58745,-0.18439,2.35619,-3.01032,-2.29,-3.14159,-3.74,0.655211,0,0.13253,2.09882,-1.0472,-0.317456,-1.4257,-1.8326,
-1.8487,0.441511,0,1.58745,-0.18439,2.35619,-3.01032,-2.29,-3.14159,-3.74,0.655211,0,0.13253,2.09882,-1.0472,-0.317456,-1.4257,-1.8326,
-1.8487,0.441511,0,1.58745,-0.18439,2.35619,-3.01032,-2.29,-3.14159,-3.74,0.655211,0,0.13253,2.09882,-1.0472,-0.317456,-1.4257,-1.8326,
-1.8487,0.441511,0,1.58745,-0.18439,2.35619,-3.01032,-2.29,-3.14159,-3.74,0.655211,0,0.13253,2.09882,-1.0472,-0.317456,-1.4257,-1.8326,
-1.8487,0.441511,0,1.58745,-0.18439,2.35619,-3.01032,-2.29,-3.14159,-3.74,0.655211,0,0.13253,2.09882,-1.0472,-0.317456,-1.4257,-1.8326,
-1.8487,0.441511,0,1.58745,-0.18439,2.35619,-3.01032,-2.29,-3.14159,-3.74,0.655211,0,0.13253,2.09882,-1.0472,-0.317456,-1.4257,-1.8326,
-1.8487,0.441511,0,1.58745,-0.18439,2.35619,-3.01032,-2.29,-3.14159,-3.74,0.655211,0,0.13253,2.09882,-1.0472,-0.317456,-1.4257,-1.8326,
-1.8487,0.441511,0,1.58745,-0.18439,2.35619,-3.01032,-2.29,-3.14159,-3.74,0.655211,0,0.13253,2.09882,-1.0472,-0.317456,-1.4257,-1.8326,
-1.8487,0.441511,0,1.58745,-0.18439,2.35619,-3.01032,-2.29,-3.14159,-3.74,0.655211,0,0.13253,2.09882,-1.0472,-0.317456,-1.4257,-1.8326,
-1.8487,0.441511,0,1.58745,-0.18439,2.35619,-3.01032,-2.29,-3.14159,-3.74,0.655211,0,0.13253,2.09882,-1.0472,-0.317456,-1.4257,-1.8326,
-2.30836,-0.15469,0,1.98755,-0.381319,-3.14159,-2.14438,2.29,0,0.0627189,-2.24,1.5708,0.0946241,2.13901,-1.309,-0.706674,-1.30857,-1.309,
-2.30836,-0.15469,0,1.98755,-0.381319,-3.14159,-2.14438,2.29,0,0.0627189,-2.24,1.5708,0.0946241,2.13901,-1.309,-0.706674,-1.30857,-1.309,
-2.30836,-0.15469,0,1.98755,-0.381319,-3.14159,-2.14438,2.29,0,0.0627189,-2.24,1.5708,0.0946241,2.13901,-1.309,-0.706674,-1.30857,-1.309,
-2.30836,-0.15469,0,1.98755,-0.381319,-3.14159,-2.14438,2.29,0,0.0627189,-2.24,1.5708,0.0946241,2.13901,-1.309,-0.706674,-1.30857,-1.309,
-2.30836,-0.15469,0,1.98755,-0.381319,-3.14159,-2.14438,2.29,0,0.0627189,-2.24,1.5708,0.0946241,2.13901,-1.309,-0.706674,-1.30857,-1.309,
-2.30836,-0.15469,0,1.98755,-0.381319,-3.14159,-2.14438,2.29,0,0.0627189,-2.24,1.5708,0.0946241,2.13901,-1.309,-0.706674,-1.30857,-1.309,
-2.30836,-0.15469,0,1.98755,-0.381319,-3.14159,-2.14438,2.29,0,0.0627189,-2.24,1.5708,0.0946241,2.13901,-1.309,-0.706674,-1.30857,-1.309,
-1.40179,0.10608,0.523599,2.16174,0.0129883,3.14159,-2.28931,2.29,0,0.974167,-2.24,1.5708,-0.916821,2.06915,-1.309,-0.37451,-1.27372,-1.0472,
-1.40179,0.10608,0.523599,2.16174,0.0129883,3.14159,-2.28931,2.29,0,0.974167,-2.24,1.5708,-0.916821,2.06915,-1.309,-0.37451,-1.27372,-1.0472,
-1.40179,0.10608,0.523599,2.16174,0.0129883,3.14159,-2.28931,2.29,0,0.974167,-2.24,1.5708,-0.916821,2.06915,-1.309,-0.37451,-1.27372,-1.0472,
-2.06884,-0.305043,1.0472,1.8702,0.233164,-3.14159,-3.79,0.393994,1.5708,2.17539,-2.24,1.5708,-2.79852,0.72848,1.0472,0.128837,-1.64945,0,
-2.06884,-0.305043,1.0472,1.8702,0.233164,-3.14159,-3.79,0.393994,1.5708,2.17539,-2.24,1.5708,-2.79852,0.72848,1.0472,0.128837,-1.64945,0,
-2.06884,-0.305043,1.0472,1.8702,0.233164,-3.14159,-3.79,0.393994,1.5708,2.17539,-2.24,1.5708,-2.79852,0.72848,1.0472,0.128837,-1.64945,0,
-2.06884,-0.305043,1.0472,1.8702,0.233164,-3.14159,-3.79,0.393994,1.5708,2.17539,-2.24,1.5708,-2.79852,0.72848,1.0472,0.128837,-1.64945,0,
-2.06884,-0.305043,1.0472,1.8702,0.233164,-3.14159,-3.79,0.393994,1.5708,2.17539,-2.24,1.5708,-2.79852,0.72848,1.0472,0.128837,-1.64945,0,
-2.06884,-0.305043,1.0472,1.8702,0.233164,-3.14159,-3.79,0.393994,1.5708,2.17539,-2.24,1.5708,-2.79852,0.72848,1.0472,0.128837,-1.64945,0,
-1.30944,-0.608141,2.35619,2.01401,0.286169,3.14159,-3.79,0.303053,1.5708,2.06297,-2.24,1.5708,-1.66093,1.03489,0.261799,0.270431,-2.05673,0.261799,
-1.30944,-0.608141,2.35619,2.01401,0.286169,3.14159,-3.79,0.303053,1.5708,2.06297,-2.24,1.5708,-1.66093,1.03489,0.261799,0.270431,-2.05673,0.261799,
-1.30944,-0.608141,2.35619,2.01401,0.286169,3.14159,-3.79,0.303053,1.5708,2.06297,-2.24,1.5708,-1.66093,1.03489,0.261799,0.270431,-2.05673,0.261799,
-1.30944,-0.608141,2.35619,2.01401,0.286169,3.14159,-3.79,0.303053,1.5708,2.06297,-2.24,1.5708,-1.66093,1.03489,0.261799,0.270431,-2.05673,0.261799,
-1.30944,-0.608141,2.35619,2.01401,0.286169,3.14159,-3.79,0.303053,1.5708,2.06297,-2.24,1.5708,-1.66093,1.03489,0.261799,0.270431,-2.05673,0.261799,
-1.30944,-0.608141,2.35619,2.01401,0.286169,3.14159,-3.79,0.303053,1.5708,2.06297,-2.24,1.5708,-1.66093,1.03489,0.261799,0.270431,-2.05673,0.261799,
-1.30944,-0.608141,2.35619,2.01401,0.286169,3.14159,-3.79,0.303053,1.5708,2.06297,-2.24,1.5708,-1.66093,1.03489,0.261799,0.270431,-2.05673,0.261799,
-1.30944,-0.608141,2.35619,2.01401,0.286169,3.14159,-3.79,0.303053,1.5708,2.06297,-2.24,1.5708,-1.66093,1.03489,0.261799,0.270431,-2.05673,0.261799,
-1.30944,-0.608141,2.35619,2.01401,0.286169,3.14159,-3.79,0.303053,1.5708,2.06297,-2.24,1.5708,-1.66093,1.03489,0.261799,0.270431,-2.05673,0.261799,
-1.30944,-0.608141,2.35619,2.01401,0.286169,3.14159,-3.79,0.303053,1.5708,2.06297,-2.24,1.5708,-1.66093,1.03489,0.261799,0.270431,-2.05673,0.261799,
-0.899891,-0.644694,-3.14159,2.17241,0.84519,-3.14159,-1.25923,-2.29,-3.14159,-3.74,-0.818839,0,-0.813292,1.44134,0,0.0521701,-2.06098,-0.785398,
-0.899891,-0.644694,-3.14159,2.17241,0.84519,-3.14159,-1.25923,-2.29,-3.14159,-3.74,-0.818839,0,-0.813292,1.44134,0,0.0521701,-2.06098,-0.785398,
-0.899891,-0.644694,-3.14159,2.17241,0.84519,-3.14159,-1.25923,-2.29,-3.14159,-3.74,-0.818839,0,-0.813292,1.44134,0,0.0521701,-2.06098,-0.785398,
-0.899891,-0.644694,-3.14159,2.17241,0.84519,-3.14159,-1.25923,-2.29,-3.14159,-3.74,-0.818839,0,-0.813292,1.44134,0,0.0521701,-2.06098,-0.785398,
-0.899891,-0.644694,-3.14159,2.17241,0.84519,-3.14159,-1.25923,-2.29,-3.14159,-3.74,-0.818839,0,-0.813292,1.44134,0,0.0521701,-2.06098,-0.785398,
-0.899891,-0.644694,-3.14159,2.17241,0.84519,-3.14159,-1.25923,-2.29,-3.14159,-3.74,-0.818839,0,-0.813292,1.44134,0,0.0521701,-2.06098,-0.785398,
-0.899891,-0.644694,-3.14159,2.17241,0.84519,-3.14159,-1.25923,-2.29,-3.14159,-3.74,-0.818839,0,-0.813292,1.44134,0,0.0521701,-2.06098,-0.785398,
-0.899891,-0.644694,-3.14159,2.17241,0.84519,-3.14159,-1.25923,-2.29,-3.14159,-3.74,-0.818839,0,-0.813292,1.44134,0,0.0521701,-2.06098,-0.785398,
-0.899891,-0.644694,-3.14159,2.17241,0.84519,-3.14159,-1.25923,-2.29,-3.14159,-3.74,-0.818839,0,-0.813292,1.44134,0,0.0521701,-2.06098,-0.785398,
-0.899891,-0.644694,-3.14159,2.17241,0.84519,-3.14159,-1.25923,-2.29,-3.14159,-3.74,-0.818839,0,-0.813292,1.44134,0,0.0521701,-2.06098,-0.785398,
-0.899891,-0.644694,-3.14159,2.17241,0.84519,-3.14159,-1.25923,-2.29,-3.14159,-3.74,-0.818839,0,-0.813292,1.44134,0,0.0521701,-2.06098,-0.785398,
-0.899891,-0.644694,-3.14159,2.17241,0.84519,-3.14159,-1.25923,-2.29,-3.14159,-3.74,-0.818839,0,-0.813292,1.44134,0,0.0521701,-2.06098,-0.785398,
-0.899891,-0.644694,-3.14159,2.17241,0.84519,-3.14159,-1.25923,-2.29,-3.14159,-3.74,-0.818839,0,-0.813292,1.44134,0,0.0521701,-2.06098,-0.785398,
-0.899891,-0.644694,-3.14159,2.17241,0.84519,-3.14159,-1.25923,-2.29,-3.14159,-3.74,-0.818839,0,-0.813292,1.44134,0,0.0521701,-2.06098,-0.785398,
-0.899891,-0.644694,-3.14159,2.17241,0.84519,-3.14159,-1.25923,-2.29,-3.14159,-3.74,-0.818839,0,-0.813292,1.44134,0,0.0521701,-2.06098,-0.785398,
-0.899891,-0.644694,-3.14159,2.17241,0.84519,-3.14159,-1.25923,-2.29,-3.14159,-3.74,-0.818839,0,-0.813292,1.44134,0,0.0521701,-2.06098,-0.785398,
-0.899891,-0.644694,-3.14159,2.17241,0.84519,-3.14159,-1.25923,-2.29,-3.14159,-3.74,-0.818839,0,-0.813292,1.44134,0,0.0521701,-2.06098,-0.785398,
-1.35553,-0.821451,-1.5708,2.11846,0.388208,3.14159,3.79,-1.93423,-1.5708,-3.74,-0.481236,0,-1.27085,1.73266,-0.261799,0.55241,-1.61211,0.785398,
-1.35553,-0.821451,-1.5708,2.11846,0.388208,3.14159,3.79,-1.93423,-1.5708,-3.74,-0.481236,0,-1.27085,1.73266,-0.261799,0.55241,-1.61211,0.785398,
-1.35553,-0.821451,-1.5708,2.11846,0.388208,3.14159,3.79,-1.93423,-1.5708,-3.74,-0.481236,0,-1.27085,1.73266,-0.261799,0.55241,-1.61211,0.785398,
-1.3214,-0.597922,-1.5708,1.62904,0.445882,-3.14159,3.43712,-2.29,-3.14159,-3.74,-0.491623,0,-1.21457,1.89826,-0.785398,2.67779,-1.34416,1.5708,
-1.3214,-0.597922,-1.5708,1.62904,0.445882,-3.14159,3.43712,-2.29,-3.14159,-3.74,-0.491623,0,-1.21457,1.89826,-0.785398,2.67779,-1.34416,1.5708,
-1.3214,-0.597922,-1.5708,1.62904,0.445882,-3.14159,3.43712,-2.29,-3.14159,-3.74,-0.491623,0,-1.21457,1.89826,-0.785398,2.67779,-1.34416,1.5708,
-1.3214,-0.597922,-1.5708,1.62904,0.445882,-3.14159,3.43712,-2.29,-3.14159,-3.74,-0.491623,0,-1.21457,1.89826,-0.785398,2.67779,-1.34416,1.5708,
-1.3214,-0.597922,-1.5708,1.62904,0.445882,-3.14159,3.43712,-2.29,-3.14159,-3.74,-0.491623,0,-1.21457,1.89826,-0.785398,2.67779,-1.34416,1.5708,
-1.3214,-0.597922,-1.5708,1.62904,0.445882,-3.14159,3.43712,-2.29,-3.14159,-3.74,-0.491623,0,-1.21457,1.89826,-0.785398,2.67779,-1.34416,1.5708,
-1.3214,-0.597922,-1.5708,1.62904,0.445882,-3.14159,3.43712,-2.29,-3.14159,-3.74,-0.491623,0,-1.21457,1.89826,-0.785398,2.67779,-1.34416,1.5708,
-1.3214,-0.597922,-1.5708,1.62904,0.445882,-3.14159,3.43712,-2.29,-3.14159,-3.74,-0.491623,0,-1.21457,1.89826,-0.785398,2.67779,-1.34416,1.5708,
-1.3214,-0.597922,-1.5708,1.62904,0.445882,-3.14159,3.43712,-2.29,-3.14159,-3.74,-0.491623,0,-1.21457,1.89826,-0.785398,2.67779,-1.34416,1.5708,
-1.3214,-0.597922,-1.5708,1.62904,0.445882,-3.14159,3.43712,-2.29,-3.14159,-3.74,-0.491623,0,-1.21457,1.89826,-0.785398,2.67779,-1.34416,1.5708,
-1.3214,-0.597922,-1.5708,1.62904,0.445882,-3.14159,3.43712,-2.29,-3.14159,-3.74,-0.491623,0,-1.21457,1.89826,-0.785398,2.67779,-1.34416,1.5708,
-1.3214,-0.597922,-1.5708,1.62904,0.445882,-3.14159,3.43712,-2.29,-3.14159,-3.74,-0.491623,0,-1.21457,1.89826,-0.785398,2.67779,-1.34416,1.5708,
-1.3214,-0.597922,-1.5708,1.62904,0.445882,-3.14159,3.43712,-2.29,-3.14159,-3.74,-0.491623,0,-1.21457,1.89826,-0.785398,2.67779,-1.34416,1.5708,
-1.3214,-0.597922,-1.5708,1.62904,0.445882,-3.14159,3.43712,-2.29,-3.14159,-3.74,-0.491623,0,-1.21457,1.89826,-0.785398,2.67779,-1.34416,1.5708,
-1.3214,-0.597922,-1.5708,1.62904,0.445882,-3.14159,3.43712,-2.29,-3.14159,-3.74,-0.491623,0,-1.21457,1.89826,-0.785398,2.67779,-1.34416,1.5708,
-1.3214,-0.597922,-1.5708,1.62904,0.445882,-3.14159,3.43712,-2.29,-3.14159,-3.74,-0.491623,0,-1.21457,1.89826,-0.785398,2.67779,-1.34416,1.5708,
-1.3214,-0.597922,-1.5708,1.62904,0.445882,-3.14159,3.43712,-2.29,-3.14159,-3.74,-0.491623,0,-1.21457,1.89826,-0.785398,2.67779,-1.34416,1.5708,
-1.3214,-0.597922,-1.5708,1.62904,0.445882,-3.14159,3.43712,-2.29,-3.14159,-3.74,-0.491623,0,-1.21457,1.89826,-0.785398,2.67779,-1.34416,1.5708,
-1.3214,-0.597922,-1.5708,1.62904,0.445882,-3.14159,3.43712,-2.29,-3.14159,-3.74,-0.491623,0,-1.21457,1.89826,-0.785398,2.67779,-1.34416,1.5708,
-1.3214,-0.597922,-1.5708,1.62904,0.445882,-3.14159,3.43712,-2.29,-3.14159,-3.74,-0.491623,0,-1.21457,1.89826,-0.785398,2.67779,-1.34416,1.5708,
