0.598778
0.595948
0.601092
0.591666
0.599512
0.604412
0.597262
0.597379
0.602141
0.598971
0.598256
0.595469
0.600486
0.598962
0.599936
0.601328
0.602103
0.593406
0.594948
0.592264
0.598608
0.597231
0.597963
0.592991
0.605368
0.602536
0.593561
0.603416
0.602284
0.603667
0.59137
0.601664
0.590075
0.606717
0.597709
0.600292
0.595288
0.603631
0.597623
0.601683
0.598829
0.596408
0.595382
0.597612
0.59758
0.606853
0.589918
0.595864
0.603082
0.596273
0.590044
0.597163
0.598653
0.600414
0.597161
0.60077
0.596978
0.599151
0.602342
0.604818
0.598549
0.597985
0.606857
0.603505
0.59686
0.595671
0.593394
0.591595
0.590466
0.58691
0.600825
0.596629
0.596475
0.605489
0.602928
0.5943
0.589232
0.592384
0.594225
0.603464
0.594775
0.598921
0.600412
0.598994
0.601103
0.594725
0.597607
0.600399
0.600066
0.587708
0.591474
0.603234
0.596147
0.598309
0.594664
0.602839
0.591092
0.600954
0.606001
0.602252
0.592998
0.606761
0.596255
0.593703
0.601035
0.598691
0.600901
0.598205
0.596302
0.60431
0.590851
0.602646
0.591973
0.601825
0.594961
0.598949
0.605645
0.599331
0.598368
0.601279
0.599584
0.595257
0.5959
0.584342
0.6022
0.593287
0.600652
0.596387
0.60685
0.597272
0.600493
0.602066
0.598079
0.596624
0.597548
0.595466
0.600169
0.600822
0.597928
0.592478
0.595455
0.599971
0.599581
0.602483
0.604836
0.595074
0.602132
0.606033
0.595461
0.586834
0.597633
0.595969
0.598845
0.598633
0.596253
0.602123
0.594638
0.598485
0.599028
0.596815
0.600295
0.599242
0.590653
0.603655
0.596098
0.59982
0.58924
0.590711
0.59502
0.598076
0.601894
0.598102
0.597233
0.594873
0.591236
0.604419
0.592486
0.602044
0.601151
0.598967
0.598068
0.599811
0.590375
0.598983
0.604013
0.590616
0.591131
0.593482
0.598258
0.598968
0.597688
0.598522
0.607118
0.605219
0.595375
0.605903
0.602644
0.592469
0.596781
0.597882
0.595396
0.604974
0.594187
0.601495
0.595711
0.594039
0.589401
0.590581
0.59586
0.592584
0.589025
0.604831
0.598568
0.595023
0.598835
0.594315
0.596422
0.603847
0.59886
0.597556
0.59832
0.602108
0.594203
0.593037
0.604734
0.592548
0.602813
0.605655
0.593746
0.596275
0.601631
0.590016
0.598617
0.601661
0.597732
0.59237
0.596851
0.592183
0.598358
0.598923
0.6004
0.6006
0.597264
0.593591
0.593512
0.600573
0.596889
0.607178
0.591664
0.59432
0.598687
0.600053
0.602969
0.592093
0.594083
0.601476
0.59439
0.597422
0.599127
0.599733
0.595465
0.597996
0.600853
0.600986
0.600993
0.600093
0.595911
0.597077
0.594972
0.601975
0.598491
0.596589
0.597928
0.593204
0.601668
0.604726
0.594316
0.596859
0.600905
0.605604
0.604065
0.5959
0.589596
0.600562
0.594002
0.598484
0.592165
0.588958
0.603956
0.6033
0.600426
0.594319
0.603261
0.600968
0.599318
0.598719
0.595861
0.59678
0.597301
0.599206
0.590567
0.594404
0.604632
0.597432
0.593972
0.59278
0.604537
0.606281
0.597054
0.604406
0.603157
0.602218
0.605217
0.596449
0.600213
0.594693
0.606267
0.590538
0.598352
0.603569
0.5953
0.589321
0.599668
0.603639
0.603255
0.599881
0.60838
0.596231
0.597948
0.594827
0.606765
0.598289
0.603293
0.604056
0.600312
0.605756
0.598429
0.605752
0.60085
0.595239
0.591552
0.59741
0.600486
0.599302
0.597177
0.599604
0.596834
0.601006
0.597815
0.59201
0.596618
0.595356
0.59991
0.598629
0.599752
0.609276
0.603985
0.605503
0.599043
0.590022
0.594955
0.596307
0.597948
0.600884
0.600613
0.590314
0.593094
0.602138
0.598574
0.600983
0.6039
0.599044
0.606013
0.604848
0.606651
0.594871
0.598548
0.5993
0.600853
0.593624
0.596301
0.593355
0.601699
0.598855
0.598906
0.592811
0.592342
0.598384
0.59479
0.58974
0.606809
0.595642
0.598739
0.600839
0.596755
0.598848
0.600268
0.607859
0.597695
0.594536
0.591724
0.601661
0.590128
0.596995
0.60004
0.596643
0.603935
0.605342
0.601609
0.602128
0.599481
0.590448
0.598907
0.594037
0.60053
0.597889
0.594694
0.597695
0.600019
0.593798
0.5983
0.594846
0.592414
0.602122
0.604358
0.606195
0.601297
0.605279
0.603513
0.595321
0.599587
0.607945
0.600164
0.599704
0.597393
0.594979
0.598816
0.605612
0.602334
0.609363
0.594139
0.592687
0.604679
0.596229
0.599576
0.598326
0.596741
0.593352
0.597104
0.597807
0.592768
0.603099
0.599272
0.595103
0.596842
0.596486
0.59839
0.599761
0.592796
0.598445
0.601547
0.599852
0.594555
0.591815
0.593794
0.595719
0.603483
0.599122
0.595331
0.593242
0.600494
0.596861
0.59864
0.59805
0.601454
0.596064
0.598091
0.599573
0.600027
0.595055
0.593337
0.599399
0.594492
0.595411
0.597668
0.593462
0.593268
0.602412
0.603243
0.606217
0.597696
0.596734
0.594565
0.600486
0.603904
0.592969
0.600908
0.597676
0.596626
0.599336
0.594848
0.608446
0.604148
0.601526
0.599966
0.591637
0.599629
0.593323
0.596864
0.596389
0.6054
0.605111
0.591891
0.602761
0.600071
0.59656
0.594071
0.60081
0.603367
0.599742
0.606449
0.598737
0.597048
0.592674
0.600689
0.605758
0.60247
0.602776
0.597612
0.599246
0.594336
0.596098
0.596759
0.598685
0.595455
0.592905
0.600775
0.599735
0.598908
0.601378
0.60184
0.603475
0.599114
0.594028
0.597558
0.602492
0.597617
0.597129
0.597856
0.603285
0.59933
0.594797
0.594608
0.597927
0.60699
0.603108
0.606056
0.598199
0.592054
0.608811
0.594847
0.601322
0.593434
0.600641
0.596433
0.592061
0.602738
0.597932
0.598664
0.602586
0.593565
0.597869
0.596865
0.602398
0.599138
0.604565
0.603888
0.601884
0.592894
0.601228
0.600132
0.599369
0.591202
0.596036
0.601119
0.599736
0.602631
0.593571
0.599005
0.589437
0.598031
0.598386
0.601373
0.602147
0.596186
0.602015
0.590303
0.602308
0.596914
0.597236
0.603363
0.59343
0.599884
0.592535
0.602114
0.597924
0.596962
0.604099
0.601214
0.590774
0.593427
0.598543
0.602416
0.597985
0.596848
0.594318
0.595411
0.604925
0.594201
0.594032
0.596584
0.599962
0.602074
0.59917
0.605009
0.60274
0.594555
0.589993
0.599409
0.598064
0.598083
0.586727
0.596237
0.607396
0.600683
0.601891
0.595493
0.606272
0.60373
0.600156
0.595552
0.595827
0.602452
0.592783
0.597402
0.595325
0.593207
0.599693
0.599797
0.594294
0.595948
0.597075
0.60542
0.601742
0.590843
0.600336
0.594626
0.5936
0.6059
0.594113
0.597268
0.602682
0.604571
0.589669
0.600429
0.593438
0.600874
0.596947
0.587643
0.602961
0.593435
0.602349
0.587511
0.594807
0.59591
0.595345
0.589828
0.593996
0.597355
0.598579
0.596802
0.59767
0.599668
0.5921
0.60118
0.596296
0.595921
0.603719
0.588901
0.605316
0.590734
0.598154
0.601648
0.599365
0.593494
0.603962
0.595703
0.602665
0.598685
0.596259
0.602388
0.60325
0.597645
0.593878
0.600313
0.5977
0.603664
0.595601
0.594817
0.596305
0.599046
0.593808
0.596744
0.602886
0.591199
0.589714
0.593855
0.59813
0.592288
0.599653
0.598102
0.60739
0.592816
0.600581
0.59187
0.599228
0.593516
0.598796
0.591623
0.597883
0.597826
0.592806
0.601102
0.600716
0.609231
0.604754
0.59868
0.603081
0.597553
0.599252
0.597155
0.601234
0.59124
0.596173
0.594184
0.590812
0.600934
0.592075
0.591005
0.588092
0.599815
0.60098
0.595179
0.601499
0.599891
0.592434
0.608909
0.600101
0.599521
0.598168
0.593594
0.595408
0.600362
0.596439
0.598045
0.592033
0.594468
0.596368
0.598101
0.598861
0.598093
0.604156
0.594966
0.60078
0.598138
0.597902
0.596275
0.601069
0.605283
0.598401
0.591286
0.610278
0.594858
0.600515
0.596697
0.597519
0.59277
0.596447
0.600709
0.606058
0.594316
0.597711
0.589633
0.598096
0.590888
0.599303
0.594992
0.590733
0.597781
0.604523
0.592675
0.596686
0.592863
0.59817
0.601444
0.596748
0.60187
0.60162
0.601745
0.602593
0.603393
0.598124
0.597346
0.604028
0.6002
0.598666
0.59552
0.602775
0.594768
0.597548
0.589827
0.596698
0.593482
0.600403
0.59774
0.602517
0.595014
0.602818
0.599472
0.604878
0.599182
0.594585
0.601857
0.597296
0.59804
0.596328
0.601153
0.593452
0.601403
0.596798
0.600754
0.601315
0.598317
0.595988
0.599126
0.600715
0.598318
0.598906
0.602564
0.596922
0.591444
0.597778
0.595544
0.596183
0.596773
0.60409
0.609092
0.592171
0.597278
0.606216
0.592726
0.603509
0.587801
0.590369
0.602995
0.597385
0.6024
0.603409
0.602402
0.598262
0.59727
0.606027
0.605394
0.594288
0.593336
0.599039
0.602937
0.605236
0.597499
0.598976
0.599685
0.596892
0.604588
0.60385
0.602785
0.594342
0.600629
0.597026
0.60241
0.597291
0.595559
0.595326
0.591673
0.600897
0.605349
0.607798
0.600208
0.59777
0.600854
0.597099
0.599695
0.60185
0.591264
0.592279
0.599808
0.604678
0.598204
0.599343
0.595426
0.589705
0.58827
0.59568
0.602088
0.598193
0.603088
0.59957
0.60024
0.60045
0.598746
0.602489
0.606067
0.602821
0.599027
0.598969
0.5976
0.602403
0.599443
0.597046
0.599376
0.590321
0.602216
0.596429
0.603317
0.590575
0.59472
0.592552
0.592962
0.599644
0.603655
0.601205
0.588721
0.602178
0.593456
0.593682
0.598397
0.594892
0.593748
0.601115
0.594745
0.601018
0.596584
0.596848
0.60197
0.600524
0.596056
0.593472
0.611703
0.60586
0.588673
0.59726
0.60135
0.590574
0.59656
0.593132
0.601747
0.59554
0.593362
0.598018
0.592509
0.599605
0.594999
0.599436
0.595999
0.597876
0.602025
0.599808
0.594855
0.597333
0.601599
0.597225
0.591057
0.597891
0.608931
0.59043
0.594616
0.598467
0.596379
0.596548
0.602412
0.604677
0.598702
0.601787
0.594686
0.595296
0.597031
0.603655
0.606557
0.602827
0.592278
0.598627
