0.500165
0.484071
0.490921
0.495654
0.492446
0.489582
0.497912
0.492933
0.490389
0.490333
0.494094
0.494083
0.494752
0.494893
0.491865
0.48966
0.497107
0.494311
0.495767
0.492448
0.487146
0.495508
0.49289
0.486996
0.496881
0.497448
0.490308
0.483969
0.494416
0.486663
0.487671
0.495099
0.495676
0.491355
0.499498
0.492298
0.489876
0.494191
0.483637
0.495615
0.497329
0.49669
0.485785
0.492791
0.495749
0.497844
0.484917
0.493423
0.492036
0.498387
0.499524
0.502535
0.489128
0.493975
0.4909
0.487667
0.493084
0.498362
0.491257
0.491504
0.493279
0.49121
0.491881
0.489194
0.491621
0.486902
0.494913
0.493418
0.493
0.486244
0.492072
0.48556
0.488284
0.488537
0.492681
0.494528
0.489705
0.492937
0.50045
0.494501
0.488684
0.490423
0.488984
0.491469
0.497769
0.492088
0.495643
0.492914
0.494633
0.496023
0.488825
0.496371
0.489231
0.496374
0.502549
0.496259
0.490803
0.501396
0.492648
0.497112
0.48803
0.494929
0.484666
0.48549
0.488324
0.495683
0.48554
0.485914
0.496932
0.496223
0.490482
0.484269
0.493414
0.487958
0.499004
0.488388
0.489951
0.494428
0.499826
0.486886
0.486319
0.487494
0.494706
0.49571
0.495583
0.494349
0.49328
0.48937
0.503149
0.491998
0.500924
0.496096
0.499206
0.494824
0.487938
0.488785
0.48647
0.501927
0.486627
0.492538
0.497067
0.485938
0.489221
0.480888
0.504253
0.489768
0.492059
0.490943
0.497384
0.494728
0.493436
0.48828
0.49074
0.490613
0.493141
0.500977
0.498506
0.491512
0.491031
0.497263
0.495718
0.501404
0.484755
0.491099
0.494682
0.495472
0.482279
0.489937
0.492409
0.490922
0.486761
0.495315
0.495109
0.493873
0.498327
0.489998
0.490798
0.498858
0.496046
0.492402
0.491917
0.486408
0.499441
0.492228
0.490906
0.489776
0.503819
0.490373
0.484946
0.48685
0.503907
0.501681
0.48781
0.491474
0.490931
0.496894
0.493167
0.488721
0.502195
0.491016
0.494562
0.486825
0.489572
0.489572
0.490546
0.493412
0.497132
0.493769
0.495095
0.492705
0.491294
0.503569
0.498515
0.501137
0.493833
0.491825
0.49965
0.499979
0.486686
0.490035
0.480441
0.484114
0.497568
0.503898
0.492962
0.491182
0.488767
0.49312
0.490661
0.485431
0.499403
0.48993
0.48701
0.492501
0.488645
0.485305
0.490758
0.487285
0.493721
0.491602
0.495905
0.492796
0.494013
0.487177
0.49716
0.493816
0.484483
0.489523
0.490508
0.492899
0.489376
0.505522
0.497178
0.49149
0.496844
0.49613
0.48277
0.484562
0.494293
0.491858
0.490033
0.497555
0.495091
0.484206
0.484493
0.488585
0.484439
0.494988
0.49621
0.503587
0.497288
0.488054
0.494452
0.49034
0.493629
0.492253
0.491208
0.48757
0.488227
0.49177
0.496535
0.494703
0.49232
0.483319
0.48079
0.481951
0.497498
0.489602
0.500427
0.496189
0.491093
0.496449
0.48562
0.496797
0.488209
0.497963
0.48897
0.497407
0.493063
0.493886
0.493968
0.493005
0.488615
0.485137
0.496148
0.498529
0.49978
0.496446
0.496278
0.497246
0.49442
0.498604
0.494489
0.492608
0.506651
0.492955
0.498811
0.494481
0.490112
0.500512
0.490578
0.496042
0.4872
0.490922
0.492261
0.497326
0.490748
0.492013
0.47946
0.495657
0.495699
0.487162
0.487031
0.496634
0.494102
0.490739
0.497348
0.498147
0.495133
0.492862
0.486913
0.493496
0.495529
0.491967
0.486773
0.489566
0.488648
0.492842
0.491424
0.491291
0.488858
0.498222
0.490297
0.483355
0.492741
0.497858
0.491662
0.490281
0.491672
0.48977
0.490926
0.487074
0.489615
0.491074
0.497799
0.497985
0.493554
0.490554
0.492967
0.492054
0.484433
0.491408
0.49398
0.488209
0.49248
0.499194
0.494021
0.485632
0.494295
0.493103
0.49132
0.493934
0.496915
0.488637
0.48961
0.499545
0.489452
0.494623
0.478896
0.48593
0.48679
0.494993
0.491907
0.489603
0.489953
0.476109
0.486982
0.498334
0.490126
0.489346
0.48727
0.501776
0.498297
0.488489
0.490556
0.490289
0.497299
0.488256
0.488843
0.498682
0.492349
0.484592
0.490329
0.487217
0.494347
0.486989
0.486166
0.49166
0.498477
0.495772
0.496761
0.493783
0.499937
0.487695
0.496534
0.503723
0.488837
0.492535
0.493159
0.48695
0.486466
0.501814
0.488404
0.482412
0.49198
0.493412
0.492182
0.498079
0.488042
0.491446
0.488322
0.487539
0.49439
0.49082
0.494106
0.496934
0.49926
0.494141
0.499435
0.493417
0.48949
0.491801
0.489623
0.498415
0.500537
0.487192
0.491537
0.491492
0.489349
0.495983
0.490316
0.490768
0.487869
0.488588
0.493178
0.491067
0.496914
0.488966
0.496483
0.486125
0.493551
0.486681
0.486457
0.491984
0.485071
0.491504
0.503024
0.488581
0.485792
0.485954
0.492187
0.492425
0.496533
0.493428
0.498927
0.487781
0.491764
0.494518
0.492671
0.486137
0.494538
0.497346
0.489353
0.497169
0.498137
0.494666
0.494451
0.483959
0.488935
0.495202
0.500132
0.498601
0.494209
0.491604
0.490915
0.489099
0.495614
0.499767
0.4889
0.498945
0.496206
0.48974
0.491147
0.484421
0.486612
0.484884
0.493712
0.498426
0.488604
0.501292
0.492438
0.494206
0.495043
0.488039
0.495035
0.498665
0.486697
0.486468
0.479992
0.488547
0.500244
0.494132
0.4926
0.491992
0.492665
0.49461
0.493986
0.497461
0.492853
0.490214
0.483718
0.48966
0.500519
0.488583
0.491317
0.488233
0.487577
0.50074
0.496326
0.488599
0.490439
0.493274
0.494847
0.493013
0.489295
0.493983
0.49327
0.483846
0.495906
0.498116
0.497001
0.498721
0.496137
0.498854
0.492927
0.49459
0.495849
0.494859
0.493586
0.48917
0.49839
0.490854
0.482488
0.495807
0.501278
0.492016
0.492
0.494073
0.493333
0.498113
0.484081
0.492041
0.488187
0.497616
0.493411
0.501475
0.492889
0.48224
0.488918
0.491935
0.485592
0.491779
0.496979
0.490618
0.492451
0.491225
0.491397
0.496002
0.489925
0.486057
0.49791
0.494181
0.485759
0.494109
0.4977
0.492935
0.490934
0.501368
0.492577
0.498551
0.496627
0.494428
0.488091
0.484657
0.498133
0.483524
0.489953
0.483622
0.481927
0.485666
0.487829
0.491705
0.491033
0.494019
0.494145
0.483224
0.494197
0.487225
0.488748
0.491868
0.492325
0.489528
0.494322
0.486108
0.498928
0.49904
0.492058
0.496268
0.48673
0.494129
0.492279
0.492281
0.489722
0.492702
0.494527
0.497097
0.488992
0.494617
0.494843
0.490994
0.492754
0.506957
0.494848
0.493895
0.495825
0.492439
0.493056
0.492216
0.484702
0.483149
0.491081
0.505544
0.500361
0.497662
0.483822
0.490782
0.499164
0.494968
0.502289
0.489036
0.502649
0.491208
0.498112
0.494247
0.490265
0.493414
0.486931
0.493638
0.493516
0.48968
0.483599
0.49999
0.482972
0.489525
0.495733
0.496035
0.497129
0.49391
0.496362
0.494016
0.501094
0.495381
0.488016
0.482914
0.49833
0.487321
0.490151
0.489534
0.495786
0.487891
0.492734
0.487098
0.487625
0.493593
0.49588
0.490952
0.500822
0.485532
0.482857
0.4925
0.489642
0.491487
0.490858
0.490548
0.496812
0.494703
0.491955
0.490816
0.491963
0.495393
0.486117
0.493473
0.485804
0.493179
0.487507
0.489271
0.488774
0.487437
0.498664
0.485878
0.49459
0.488824
0.492515
0.488712
0.492029
0.493797
0.490886
0.496077
0.492586
0.496091
0.489985
0.495015
0.497151
0.495376
0.490971
0.503177
0.487217
0.500233
0.493912
0.50046
0.488081
0.48935
0.488297
0.494526
0.491896
0.480529
0.493214
0.483289
0.491737
0.483809
0.498394
0.484121
0.488169
0.488278
0.492724
0.485449
0.498078
0.491563
0.49016
0.488219
0.490343
0.492229
0.504067
0.491228
0.49081
0.482724
0.491559
0.495378
0.496124
0.486455
0.493183
0.501085
0.490117
0.498901
0.492731
0.492295
0.495922
0.49571
0.500555
0.494753
0.491803
0.494184
0.497131
0.482227
0.489418
0.494969
0.491106
0.489239
0.496937
0.493053
0.490213
0.489767
0.483985
0.48707
0.494259
0.497735
0.495435
0.496919
0.489859
0.502411
0.489623
0.49819
0.507582
0.490089
0.497682
0.481639
0.488015
0.488844
0.499862
0.490576
0.496018
0.495439
0.491776
0.490591
0.49571
0.486657
0.496362
0.488945
0.494288
0.497623
0.489037
0.495891
0.488146
0.490057
0.501511
0.489677
0.492339
0.491879
0.495702
0.495931
0.487236
0.494492
0.495388
0.494655
0.491902
0.494794
0.499288
0.49236
0.492614
0.493608
0.486533
0.492681
0.490518
0.492145
0.491739
0.493619
0.495036
0.490413
0.503636
0.491974
0.498832
0.493758
0.496187
0.493727
0.491434
0.485391
0.491378
0.490333
0.494973
0.498573
0.493386
0.493844
0.493437
0.490734
0.498644
0.488181
0.488207
0.491954
0.493457
0.489382
0.494216
0.489025
0.494427
0.492644
0.486156
0.490292
0.492294
0.488214
0.479354
0.4919
0.488752
0.496311
0.489246
0.490589
0.499791
0.49104
0.491255
0.495509
0.494265
0.492294
0.488891
0.490776
0.493596
0.488029
0.48662
0.497364
0.49022
0.494735
0.49294
0.492671
0.494884
0.490246
0.499512
0.48787
0.495715
0.48986
0.488212
0.491143
0.479122
0.497531
0.499121
0.48188
0.492199
0.484377
0.489522
0.488402
0.486296
0.48515
0.492149
0.488854
0.488391
0.493602
0.485949
0.491919
0.494151
0.495082
0.493323
0.491391
0.487157
0.5029
0.49724
0.490448
0.488128
0.491029
0.495747
0.496201
0.489001
0.4958
0.491495
0.499609
0.485101
0.482594
0.489629
0.495192
0.503664
0.492833
0.4908
0.48231
0.498438
0.486151
0.499402
0.487286
0.499861
0.497415
0.493104
0.500648
0.490849
0.495905
0.49221
0.497754
0.490238
0.488637
0.492875
0.490274
0.499356
0.494537
0.487442
0.494386
0.489343
0.500144
0.490684
0.494533
0.486451
0.489608
0.491029
0.494212
0.491411
0.494222
0.488525
0.483548
0.495779
0.490557
0.495406
0.492676
0.49324
0.487989
0.484567
0.498611
0.493735
0.493459
