2.046344
2.046025
2.045706
2.045387
2.045068
2.044749
2.044430
2.044112
2.043793
2.043475
2.043157
2.042839
2.042521
2.042203
2.041885
2.041568
2.041250
2.040933
2.040616
2.040299
2.039982
2.039665
2.039349
2.039032
2.038716
2.038399
2.038084
2.037767
2.037452
2.037136
2.036820
2.036505
2.036189
2.035874
2.035559
2.035244
2.034929
2.034614
2.034300
2.033985
2.033671
2.033357
2.033043
2.032729
2.032415
2.032101
2.031788
2.031474
2.031161
2.030848
2.030535
2.030222
2.029909
2.029597
2.029284
2.028971
2.028659
2.028347
2.028035
2.027723
2.027411
2.027100
2.026788
2.026477
2.026165
2.025854
2.025543
2.025232
2.024921
2.024611
2.024300
2.023990
2.023679
2.023369
2.023059
2.022749
2.022439
2.022130
2.021820
2.021511
2.021202
2.020892
2.020583
2.020274
2.019965
2.019657
2.019348
2.019040
2.018732
2.018424
2.018116
2.017808
2.017500
2.017192
2.016885
2.016577
2.016270
2.015963
2.015656
2.015349
2.015042
2.014735
2.014429
2.014122
2.013816
2.013510
2.013204
2.012897
2.012592
2.012286
2.011981
2.011675
2.011370
2.011065
2.010760
2.010455
2.010150
2.009845
2.009541
2.009236
2.008932
2.008627
2.008323
2.008020
2.007716
2.007412
2.007108
2.006805
2.006501
2.006198
2.005895
2.005592
2.005289
2.004987
2.004684
2.004381
2.004079
2.003777
2.003474
2.003173
2.002871
2.002569
2.002267
2.001966
2.001664
2.001363
2.001062
2.000761
2.000460
2.000159
1.999859
1.999558
1.999258
1.998957
1.998657
1.998357
1.998057
1.997757
1.997458
1.997158
1.996858
1.996559
1.996260
1.995961
1.995662
1.995363
1.995064
1.994766
1.994467
1.994169
1.993870
1.993572
1.993274
1.992977
1.992679
1.992381
1.992083
1.991786
1.991489
1.991192
1.990894
1.990597
1.990301
1.990004
1.989707
1.989411
1.989115
1.988819
1.988522
1.988226
1.987931
1.987635
1.987339
1.987044
1.986748
1.986453
1.986158
1.985863
1.985568
1.985273
1.984978
1.984684
1.984390
1.984095
1.983801
1.983507
1.983213
1.982919
1.982625
1.982332
1.982038
1.981745
1.981452
1.981158
1.980865
1.980573
1.980280
1.979987
1.979695
1.979402
1.979110
1.978818
1.978526
1.978234
1.977942
1.977650
1.977359
1.977067
1.976776
1.976484
1.976193
1.975902
1.975611
1.975320
1.975030
1.974739
1.974449
1.974159
1.973868
1.973578
1.973288
1.972998
1.972708
1.972419
1.972130
1.971840
1.971551
1.971262
1.970973
1.970684
1.970395
1.970106
1.969818
1.969529
1.969241
1.968953
1.968665
1.968377
1.968089
1.967801
1.967513
1.967226
1.966938
1.966651
1.966364
1.966077
1.965790
1.965503
1.965216
1.964930
1.964643
1.964357
1.964071
1.963784
1.963499
1.963213
1.962927
1.962641
1.962355
1.962070
1.961785
1.961499
1.961214
1.960929
1.960644
1.960360
1.960075
1.959790
1.959506
1.959222
1.958938
1.958653
1.958369
1.958086
1.957802
1.957518
1.957235
1.956951
1.956668
1.956385
1.956102
1.955819
1.955536
1.955253
1.954971
1.954688
1.954406
1.954123
1.953841
1.953559
1.953277
1.952996
1.952714
1.952432
1.952151
1.951869
1.951588
1.951307
1.951026
1.950745
1.950464
1.950184
1.949903
1.949623
1.949342
1.949062
1.948782
1.948502
1.948222
1.947942
1.947663
1.947383
1.947104
1.946824
1.946545
1.946266
1.945987
1.945708
1.945429
1.945151
1.944872
1.944593
1.944315
1.944037
1.943759
1.943481
1.943203
1.942925
1.942647
1.942370
1.942092
1.941815
1.941538
1.941261
1.940984
1.940707
1.940430
1.940153
1.939877
1.939601
1.939324
1.939048
1.938772
1.938496
1.938220
1.937944
1.937668
1.937393
1.937118
1.936842
1.936567
1.936292
1.936017
1.935742
1.935467
1.935192
1.934918
1.934643
1.934369
1.934095
1.933820
1.933547
1.933272
1.932999
1.932725
1.932451
1.932178
1.931905
1.931631
1.931358
1.931085
1.930812
1.930539
1.930267
1.929994
1.929722
1.929449
1.929177
1.928905
1.928632
1.928361
1.928089
1.927817
1.927546
1.927274
1.927003
1.926731
1.926460
1.926189
1.925918
1.925647
1.925376
1.925106
1.924835
1.924565
1.924294
1.924024
1.923754
1.923484
1.923214
1.922944
1.922675
1.922405
1.922136
1.921866
1.921597
1.921328
1.921059
1.920790
1.920521
1.920252
1.919984
1.919715
1.919447
1.919179
1.918910
1.918642
1.918374
1.918106
1.917838
1.917571
1.917303
1.917036
1.916769
1.916502
1.916234
1.915967
1.915700
1.915434
1.915167
1.914900
1.914634
1.914367
1.914101
1.913835
1.913569
1.913303
1.913037
1.912771
1.912506
1.912240
1.911975
1.911709
1.911444
1.911179
1.910914
1.910649
1.910385
1.910120
1.909855
1.909591
1.909326
1.909062
1.908798
1.908534
1.908270
1.908006
1.907743
1.907479
1.907215
1.906952
1.906688
1.906425
1.906162
1.905899
1.905636
1.905373
1.905111
1.904848
1.904586
1.904323
1.904061
1.903799
1.903537
1.903275
1.903013
1.902751
1.902490
1.902228
1.901967
1.901705
1.901444
1.901183
1.900922
1.900661
1.900400
1.900139
1.899879
1.899618
1.899358
1.899097
1.898837
1.898577
1.898317
1.898057
1.897797
1.897538
1.897278
1.897019
1.896759
1.896500
1.896241
1.895982
1.895723
1.895464
1.895205
1.894947
1.894688
1.894430
1.894171
1.893913
1.893655
1.893397
1.893139
1.892881
1.892623
1.892366
1.892108
1.891850
1.891593
1.891336
1.891079
1.890822
1.890565
1.890308
1.890051
1.889795
1.889539
1.889282
1.889026
1.888770
1.888513
1.888257
1.888001
1.887745
1.887490
1.887234
1.886979
1.886723
1.886468
1.886213
1.885958
1.885703
1.885448
1.885193
1.884938
1.884684
1.884429
1.884175
1.883921
1.883667
1.883412
1.883158
1.882904
1.882651
1.882397
1.882143
1.881890
1.881636
1.881383
1.881130
1.880877
1.880624
1.880371
1.880118
1.879865
1.879613
1.879360
1.879108
1.878856
1.878603
1.878351
1.878099
1.877848
1.877596
1.877344
1.877092
1.876841
1.876590
1.876338
1.876087
1.875836
1.875585
1.875334
1.875083
1.874833
1.874582
1.874331
1.874081
1.873831
1.873580
1.873330
1.873080
1.872830
1.872580
1.872331
1.872081
1.871832
1.871582
1.871333
1.871084
1.870835
1.870585
1.870337
1.870088
1.869839
1.869591
1.869342
1.869093
1.868845
1.868597
1.868349
1.868101
1.867853
1.867605
1.867357
1.867109
1.866862
1.866614
1.866367
1.866120
1.865873
1.865625
1.865378
1.865132
1.864885
1.864638
1.864391
1.864145
1.863899
1.863652
1.863406
1.863160
1.862914
1.862668
1.862422
1.862176
1.861931
1.861685
1.861440
1.861194
1.860949
1.860704
1.860459
1.860214
1.859969
1.859724
1.859480
1.859235
1.858991
1.858746
1.858502
1.858258
1.858014
1.857770
1.857526
1.857282
1.857038
1.856795
1.856551
1.856308
1.856065
1.855821
1.855578
1.855335
1.855092
1.854849
1.854606
1.854364
1.854121
1.853879
1.853636
1.853394
1.853152
1.852909
1.852668
1.852426
1.852184
1.851942
1.851701
1.851459
1.851218
1.850976
1.850735
1.850494
1.850253
1.850012
1.849771
1.849530
1.849290
1.849049
1.848809
1.848568
1.848328
1.848088
1.847847
1.847607
1.847368
1.847128
1.846888
1.846648
1.846409
1.846169
1.845930
1.845691
1.845451
1.845212
1.844973
1.844735
1.844496
1.844257
1.844018
1.843780
1.843542
1.843303
1.843065
1.842827
1.842589
1.842351
1.842113
1.841875
1.841638
1.841400
1.841162
1.840925
1.840687
1.840450
1.840213
1.839976
1.839739
1.839502
1.839266
1.839029
1.838792
1.838556
1.838319
1.838083
1.837847
1.837611
1.837375
1.837139
1.836903
1.836667
1.836432
1.836196
1.835961
1.835725
1.835490
1.835255
1.835020
1.834785
1.834549
1.834315
1.834080
1.833846
1.833611
1.833376
1.833142
1.832907
1.832674
1.832439
1.832205
1.831972
1.831738
1.831504
1.831270
1.831037
1.830803
1.830570
1.830336
1.830103
1.829870
1.829637
1.829404
1.829171
1.828939
1.828706
1.828474
1.828241
1.828008
1.827776
1.827544
1.827312
1.827080
1.826848
1.826616
1.826385
1.826153
1.825921
1.825690
1.825458
1.825227
1.824996
1.824764
1.824534
1.824303
1.824072
1.823841
1.823610
1.823380
1.823149
1.822919
1.822689
1.822458
1.822228
1.821998
1.821768
1.821538
1.821308
1.821079
1.820849
1.820620
1.820390
1.820161
1.819932
1.819702
1.819474
1.819244
1.819015
1.818787
1.818558
1.818329
1.818101
1.817872
1.817644
1.817415
1.817187
1.816959
1.816731
1.816503
1.816275
1.816048
1.815820
1.815593
1.815365
1.815138
1.814910
1.814683
1.814456
1.814229
1.814002
1.813775
1.813548
1.813321
1.813095
1.812868
1.812642
1.812415
1.812189
1.811963
1.811737
1.811511
1.811285
1.811059
1.810833
1.810608
1.810382
1.810157
1.809931
1.809706
1.809481
1.809256
1.809031
1.808806
1.808581
1.808356
1.808131
1.807907
1.807682
1.807458
1.807234
1.807009
1.806785
1.806561
1.806337
1.806113
1.805889
1.805665
1.805442
1.805218
1.804995
1.804771
1.804548
1.804325
1.804102
1.803878
1.803655
1.803432
1.803210
1.802987
1.802764
1.802542
1.802319
1.802097
1.801875
1.801653
1.801430
1.801208
1.800986
1.800764
1.800543
1.800321
1.800099
1.799878
1.799656
1.799435
1.799214
1.798992
1.798771
1.798550
1.798330
1.798109
1.797888
1.797667
1.797446
1.797226
1.797006
1.796785
1.796565
1.796345
1.796125
1.795905
1.795685
1.795465
1.795245
1.795026
1.794806
1.794586
1.794367
1.794148
1.793929
1.793709
1.793490
1.793271
1.793052
1.792833
1.792615
1.792396
1.792177
1.791959
1.791740
1.791522
1.791304
1.791086
1.790868
1.790650
1.790432
1.790214
1.789996
1.789778
1.789561
1.789343
1.789126
1.788909
1.788691
1.788474
1.788257
1.788040
1.787823
1.787607
1.787390
1.787173
1.786956
1.786740
1.786523
1.786307
1.786091
1.785875
1.785659
1.785443
1.785227
1.785011
1.784795
1.784579
1.784364
1.784148
1.783933
1.783718
1.783502
1.783287
1.783072
1.782857
1.782642
1.782427
1.782212
1.781998
1.781783
1.781569
1.781354
1.781140
1.780926
1.780711
1.780497
1.780283
1.780069
1.779855
1.779641
1.779428
1.779214
1.779000
1.778787
1.778574
1.778360
1.778147
1.777934
1.777721
1.777508
1.777295
1.777082
1.776869
1.776657
1.776444
1.776231
1.776019
1.775807
1.775595
1.775382
1.775170
1.774958
1.774746
1.774534
1.774322
1.774111
1.773899
1.773688
1.773476
1.773265
1.773054
1.772842
1.772631
1.772420
1.772209
1.771998
1.771787
1.771577
1.771366
1.771155
1.770945
1.770734
1.770524
1.770314
1.770104
1.769893
1.769683
1.769474
1.769264
1.769054
1.768844
1.768635
1.768425
1.768216
1.768006
1.767797
1.767588
1.767378
1.767169
1.766960
1.766751
1.766543
1.766334
1.766125
1.765916
1.765708
1.765500
1.765291
1.765083
1.764875
1.764667
1.764459
1.764251
1.764043
1.763835
1.763627
1.763419
1.763212
1.763004
1.762797
1.762589
1.762382
1.762175
1.761968
1.761761
1.761554
1.761347
1.761140
1.760933
1.760727
1.760520
1.760314
1.760107
1.759901
1.759695
1.759489
1.759282
1.759076
1.758871
1.758665
1.758459
1.758253
1.758047
1.757842
1.757636
1.757431
1.757226
1.757020
1.756815
1.756610
1.756405
1.756200
1.755995
1.755791
1.755586
1.755381
1.755177
1.754972
1.754768
1.754564
1.754359
1.754155
1.753951
1.753747
1.753543
1.753339
1.753135
1.752932
1.752728
1.752524
1.752321
1.752117
1.751914
1.751711
1.751508
1.751304
1.751101
1.750898
1.750695
1.750493
1.750290
1.750087
1.749885
1.749682
1.749480
1.749277
1.749075
1.748873
1.748671
1.748469
1.748267
1.748065
1.747863
1.747661
1.747460
1.747258
1.747057
1.746855
1.746654
1.746452
1.746251
1.746050
1.745849
1.745648
1.745447
1.745246
1.745046
1.744845
1.744644
1.744443
1.744243
1.744043
1.743842
1.743642
1.743442
1.743242
1.743042
1.742842
1.742642
1.742442
1.742243
1.742043
1.741843
1.741644
1.741444
1.741245
1.741046
1.740847
1.740647
1.740448
1.740249
1.740050
1.739852
1.739653
1.739454
1.739255
1.739057
1.738858
1.738660
1.738461
1.738263
1.738065
1.737867
1.737669
1.737471
1.737273
1.737075
1.736878
1.736680
1.736483
1.736285
1.736088
1.735890
1.735693
1.735496
1.735299
1.735101
1.734905
1.734708
1.734511
1.734314
1.734117
1.733920
1.733724
1.733527
1.733331
1.733135
1.732939
1.732742
1.732546
1.732350
1.732154
1.731958
1.731762
1.731566
1.731371
1.731175
1.730980
1.730784
1.730589
1.730394
1.730198
1.730003
1.729808
1.729613
1.729418
1.729223
1.729028
1.728833
1.728639
1.728444
1.728250
1.728055
1.727861
1.727667
1.727472
1.727278
1.727084
1.726890
1.726696
1.726502
1.726308
1.726114
1.725921
1.725727
1.725534
1.725340
1.725147
1.724953
1.724760
1.724567
1.724374
1.724181
1.723988
1.723795
1.723602
1.723409
1.723217
1.723024
1.722831
1.722639
1.722447
1.722255
1.722062
1.721870
1.721678
1.721486
1.721294
1.721102
1.720910
1.720719
1.720527
1.720335
1.720143
1.719952
1.719761
1.719569
1.719378
1.719187
1.718996
1.718805
1.718614
1.718423
1.718232
1.718041
1.717850
1.717660
1.717469
1.717278
1.717088
1.716898
1.716707
1.716517
1.716327
1.716137
1.715947
1.715757
1.715567
1.715378
1.715188
1.714998
1.714808
1.714619
1.714430
1.714240
1.714051
1.713862
1.713673
1.713483
1.713294
1.713105
1.712916
1.712728
1.712539
1.712350
1.712161
1.711973
1.711784
1.711596
1.711408
1.711219
1.711031
1.710843
1.710655
1.710467
1.710279
1.710091
1.709903
1.709715
1.709528
1.709340
1.709153
1.708965
1.708778
1.708591
1.708403
1.708216
1.708029
1.707842
1.707655
1.707468
1.707281
1.707095
1.706908
1.706721
1.706535
1.706348
1.706162
1.705975
1.705789
1.705603
1.705417
1.705230
1.705045
1.704858
1.704673
1.704487
1.704301
1.704115
1.703929
1.703744
1.703558
1.703373
1.703188
1.703002
1.702817
1.702632
1.702447
1.702262
1.702077
1.701892
1.701707
1.701523
1.701338
1.701154
1.700969
1.700784
1.700600
1.700416
1.700231
1.700047
1.699863
1.699679
1.699495
1.699311
1.699127
1.698943
1.698760
1.698576
1.698392
1.698208
1.698025
1.697842
1.697658
1.697475
1.697292
1.697109
1.696926
1.696743
1.696560
1.696377
1.696194
1.696011
1.695828
1.695646
1.695463
1.695281
1.695098
1.694916
1.694734
1.694551
1.694369
1.694187
1.694005
1.693823
1.693641
1.693459
1.693278
1.693096
1.692914
1.692733
1.692551
1.692370
1.692189
1.692007
1.691826
1.691645
1.691464
1.691283
1.691102
1.690921
1.690740
1.690559
1.690378
1.690198
1.690017
1.689837
1.689656
1.689476
1.689295
1.689115
1.688935
1.688755
1.688575
1.688395
1.688215
1.688035
1.687855
1.687675
1.687496
1.687316
1.687136
1.686957
1.686777
1.686598
1.686419
1.686239
1.686060
1.685882
1.685702
1.685523
1.685344
1.685166
1.684987
1.684808
1.684629
1.684451
1.684272
1.684094
1.683915
1.683737
1.683559
1.683381
1.683203
1.683024
1.682846
1.682668
1.682491
1.682313
1.682135
1.681957
1.681780
1.681602
1.681425
1.681247
1.681070
1.680892
1.680715
1.680538
1.680361
1.680184
1.680007
1.679830
1.679653
1.679476
1.679299
1.679122
1.678946
1.678769
1.678593
1.678416
1.678240
1.678064
1.677888
1.677711
1.677535
1.677359
1.677183
1.677007
1.676831
1.676656
1.676480
1.676304
1.676128
1.675953
1.675777
1.675602
1.675427
1.675251
1.675076
1.674901
1.674726
1.674551
1.674376
1.674201
1.674026
1.673851
1.673676
1.673502
1.673327
1.673152
1.672978
1.672804
1.672629
1.672455
1.672281
1.672106
1.671932
1.671758
1.671584
1.671410
1.671237
1.671063
1.670889
1.670715
1.670541
1.670368
1.670194
1.670021
1.669848
1.669674
1.669501
1.669328
1.669155
1.668982
1.668808
1.668635
1.668463
1.668290
1.668117
1.667944
1.667772
1.667599
1.667427
1.667254
1.667082
1.666910
1.666737
1.666565
1.666393
1.666221
1.666049
1.665877
1.665705
1.665533
1.665361
1.665190
1.665017
1.664846
1.664675
1.664503
1.664332
1.664160
1.663989
1.663818
1.663646
1.663475
1.663304
1.663133
1.662962
1.662791
1.662620
1.662450
1.662279
1.662108
1.661937
1.661767
1.661597
1.661426
1.661256
1.661086
1.660915
1.660745
1.660575
1.660405
1.660235
1.660065
1.659895
1.659725
1.659556
1.659386
1.659216
1.659047
1.658877
1.658708
1.658538
1.658369
1.658200
1.658031
1.657861
1.657692
1.657523
1.657354
1.657185
1.657017
1.656848
1.656679
1.656510
1.656342
1.656173
1.656004
1.655836
1.655668
1.655499
1.655331
1.655163
1.654995
1.654827
1.654659
1.654490
1.654323
1.654155
1.653987
1.653819
1.653651
1.653484
1.653316
1.653149
1.652982
1.652814
1.652647
1.652479
1.652312
1.652145
1.651978
1.651811
1.651644
1.651477
1.651310
1.651143
1.650976
1.650810
1.650643
1.650477
1.650310
1.650144
1.649977
1.649811
1.649645
1.649478
1.649312
1.649146
1.648980
1.648814
1.648648
1.648482
1.648316
1.648150
1.647985
1.647819
1.647654
1.647488
1.647323
1.647157
1.646992
1.646827
1.646661
1.646496
1.646331
1.646166
1.646001
1.645836
1.645671
1.645506
1.645341
1.645177
1.645012
1.644848
1.644683
1.644518
1.644354
1.644190
1.644025
1.643861
1.643697
1.643533
1.643369
1.643204
1.643040
1.642876
1.642713
1.642549
1.642385
1.642221
1.642058
1.641894
1.641731
1.641567
1.641404
1.641240
1.641077
1.640914
1.640750
1.640587
1.640424
1.640261
1.640098
1.639935
1.639773
1.639610
1.639447
1.639284
1.639122
1.638959
1.638796
1.638634
1.638472
1.638309
1.638147
1.637985
1.637823
1.637660
1.637498
1.637336
1.637174
1.637012
1.636851
1.636688
1.636527
1.636365
1.636204
1.636042
1.635880
1.635719
1.635558
1.635396
1.635235
1.635074
1.634912
1.634751
1.634590
1.634430
1.634268
1.634108
1.633947
1.633786
1.633625
1.633464
1.633304
1.633143
1.632983
1.632822
1.632662
1.632501
1.632341
1.632181
1.632021
1.631860
1.631701
1.631540
1.631380
1.631220
1.631061
1.630901
1.630741
1.630581
1.630422
1.630262
1.630103
1.629943
1.629784
1.629624
1.629465
1.629306
1.629147
1.628987
1.628828
1.628670
1.628510
1.628351
1.628192
1.628034
1.627875
1.627716
1.627558
1.627399
1.627240
1.627082
1.626923
1.626765
1.626607
1.626448
1.626290
1.626132
1.625974
1.625816
1.625658
1.625500
1.625342
1.625184
1.625026
1.624868
1.624711
1.624553
1.624396
1.624238
1.624080
1.623923
1.623766
1.623608
1.623451
1.623294
1.623137
1.622980
1.622823
1.622665
1.622509
1.622352
1.622195
1.622038
1.621881
1.621724
1.621568
1.621412
1.621255
1.621098
1.620942
1.620786
1.620630
1.620473
1.620317
1.620161
1.620005
1.619849
1.619693
1.619537
1.619381
1.619225
1.619069
1.618913
1.618758
1.618602
1.618447
1.618291
1.618136
1.617980
1.617825
1.617670
1.617515
1.617359
1.617204
1.617049
1.616894
1.616739
1.616584
1.616429
1.616274
1.616119
1.615965
1.615810
1.615656
1.615501
1.615346
1.615192
1.615038
1.614883
1.614729
1.614575
1.614420
1.614266
1.614112
1.613958
1.613804
1.613650
1.613496
1.613342
1.613189
1.613035
1.612881
1.612728
1.612574
1.612421
1.612267
1.612113
1.611960
1.611807
1.611654
1.611500
1.611347
1.611194
1.611041
1.610888
1.610735
1.610582
1.610429
1.610276
1.610124
1.609971
1.609818
1.609666
1.609513
1.609361
1.609208
1.609056
1.608903
1.608751
1.608599
1.608447
1.608295
1.608143
1.607990
1.607838
1.607686
1.607535
1.607383
1.607231
1.607079
1.606928
1.606776
1.606624
1.606473
1.606321
1.606170
1.606019
1.605867
1.605716
1.605564
1.605413
1.605262
1.605111
1.604960
1.604809
1.604659
1.604507
1.604357
1.604206
1.604055
1.603904
1.603754
1.603603
1.603453
1.603302
1.603152
1.603001
1.602851
1.602701
1.602551
1.602400
1.602250
1.602100
1.601950
1.601800
1.601650
1.601501
1.601351
1.601201
1.601051
1.600901
1.600752
1.600602
1.600453
1.600303
1.600154
1.600004
1.599855
1.599706
1.599557
1.599407
1.599258
1.599109
1.598960
1.598811
1.598662
1.598513
1.598364
1.598216
1.598067
1.597918
1.597770
1.597621
1.597473
1.597324
1.597176
1.597028
1.596879
1.596731
1.596582
1.596434
1.596286
1.596138
1.595990
1.595842
1.595694
1.595546
1.595398
1.595250
1.595103
1.594955
1.594807
1.594660
1.594512
1.594365
1.594217
1.594070
1.593922
1.593775
1.593628
1.593481
1.593333
1.593186
1.593039
1.592892
1.592745
1.592598
1.592451
1.592305
1.592158
1.592011
1.591864
1.591718
1.591571
1.591425
1.591278
1.591132
1.590985
1.590839
1.590693
1.590546
1.590400
1.590254
1.590108
1.589962
1.589816
1.589670
1.589524
1.589378
1.589232
1.589087
1.588941
1.588795
1.588650
1.588504
1.588359
1.588213
1.588067
1.587922
1.587777
1.587632
1.587487
1.587341
1.587196
1.587051
1.586906
1.586761
1.586616
1.586471
1.586326
1.586181
1.586036
1.585892
1.585747
1.585603
1.585458
1.585313
1.585169
1.585024
1.584880
1.584736
1.584591
1.584447
1.584303
1.584159
1.584014
1.583871
1.583727
1.583582
1.583439
1.583295
1.583151
1.583007
1.582863
1.582720
1.582576
1.582432
1.582289
1.582146
1.582002
1.581859
1.581715
1.581572
1.581429
1.581285
1.581142
1.580999
1.580856
1.580713
1.580570
1.580427
1.580284
1.580142
1.579999
1.579856
1.579713
1.579571
1.579428
1.579285
1.579143
1.579000
1.578858
1.578716
1.578573
1.578431
1.578289
1.578146
1.578004
1.577862
1.577720
1.577578
1.577436
1.577294
1.577152
1.577011
1.576869
1.576727
1.576585
1.576444
1.576302
1.576160
1.576019
1.575877
1.575736
1.575595
1.575453
1.575312
1.575171
1.575030
1.574889
1.574748
1.574606
1.574465
1.574324
1.574184
1.574043
1.573902
1.573761
1.573620
1.573480
1.573339
1.573199
1.573058
1.572917
1.572777
1.572636
1.572496
1.572356
1.572216
1.572075
1.571935
1.571795
1.571655
1.571515
1.571375
1.571235
1.571095
1.570955
1.570815
1.570675
1.570536
1.570396
1.570256
1.570117
1.569977
1.569838
1.569698
1.569559
1.569420
1.569280
1.569141
1.569001
1.568863
1.568723
1.568584
1.568445
1.568306
1.568167
1.568028
1.567889
1.567750
1.567611
1.567473
1.567334
1.567195
1.567057
1.566918
1.566780
1.566641
1.566503
1.566365
1.566226
1.566088
1.565949
1.565811
1.565673
1.565535
1.565397
1.565259
1.565121
1.564983
1.564845
1.564707
1.564569
1.564431
1.564294
1.564156
1.564018
1.563881
1.563743
1.563606
1.563468
1.563331
1.563194
1.563056
1.562919
1.562782
1.562644
1.562507
1.562370
1.562233
1.562096
1.561959
1.561822
1.561685
1.561548
1.561411
1.561274
1.561138
1.561001
1.560864
1.560728
1.560591
1.560455
1.560318
1.560182
1.560045
1.559909
1.559773
1.559636
1.559500
1.559364
1.559228
1.559092
1.558956
1.558820
1.558684
1.558548
1.558412
1.558276
1.558141
1.558005
1.557869
1.557734
1.557598
1.557462
1.557327
1.557192
1.557056
1.556921
1.556785
1.556650
1.556515
1.556380
1.556244
1.556109
1.555974
1.555839
1.555704
1.555569
1.555434
1.555299
1.555164
1.555030
1.554895
1.554760
1.554625
1.554491
1.554356
1.554222
1.554087
1.553953
1.553818
1.553684
1.553550
1.553415
1.553281
1.553147
1.553013
1.552878
1.552745
1.552610
1.552476
1.552343
1.552208
1.552075
1.551941
1.551807
1.551673
1.551540
1.551406
1.551272
1.551139
1.551005
1.550872
1.550738
1.550605
1.550472
1.550338
1.550205
1.550071
1.549938
1.549805
1.549672
1.549539
1.549406
1.549273
1.549140
1.549007
1.548874
1.548742
1.548609
1.548476
1.548343
1.548211
1.548078
1.547946
1.547813
1.547681
1.547548
1.547416
1.547283
1.547151
1.547019
1.546887
1.546754
1.546622
1.546490
1.546358
1.546226
1.546094
1.545962
1.545830
1.545699
1.545567
1.545435
1.545303
1.545171
1.545040
1.544908
1.544776
1.544645
1.544513
1.544382
1.544250
1.544119
1.543988
1.543856
1.543725
1.543594
1.543463
1.543332
1.543201
1.543070
1.542939
1.542808
1.542677
1.542546
1.542415
1.542284
1.542153
1.542023
1.541892
1.541761
1.541631
1.541500
1.541370
1.541239
1.541109
1.540979
1.540848
1.540718
1.540587
1.540457
1.540327
1.540197
1.540067
1.539937
1.539806
1.539677
1.539547
1.539417
1.539287
1.539157
1.539027
1.538898
1.538768
1.538638
1.538508
1.538379
1.538249
1.538120
1.537990
1.537861
1.537732
1.537602
1.537473
1.537344
1.537214
1.537085
1.536956
1.536827
1.536698
1.536569
1.536439
1.536311
1.536182
1.536053
1.535924
1.535795
1.535666
1.535538
1.535409
1.535281
1.535152
1.535023
1.534895
1.534766
1.534638
1.534510
1.534381
1.534253
1.534124
1.533996
1.533868
1.533740
1.533612
1.533484
1.533356
1.533228
1.533100
1.532972
1.532844
1.532716
1.532588
1.532460
1.532333
1.532205
1.532077
1.531950
1.531822
1.531695
1.531567
1.531440
1.531312
1.531185
1.531057
1.530930
1.530803
1.530676
1.530549
1.530422
1.530294
1.530167
1.530040
1.529913
1.529786
1.529659
1.529532
1.529406
1.529279
1.529152
1.529025
1.528899
1.528772
1.528645
1.528519
1.528392
1.528266
1.528139
1.528013
1.527887
1.527760
1.527634
1.527508
1.527381
1.527255
1.527129
1.527003
1.526877
1.526751
1.526625
1.526499
1.526373
1.526247
1.526121
1.525995
1.525870
1.525744
1.525619
1.525493
1.525367
1.525242
1.525116
1.524990
1.524865
1.524740
1.524614
1.524489
1.524364
1.524238
1.524113
1.523988
1.523863
1.523738
1.523613
1.523488
1.523362
1.523238
1.523113
1.522988
1.522863
1.522738
1.522614
1.522489
1.522364
1.522239
1.522115
1.521990
1.521865
1.521741
1.521617
1.521492
1.521368
1.521243
1.521119
1.520995
1.520870
1.520746
1.520622
1.520498
1.520374
1.520250
1.520126
1.520002
1.519878
1.519754
1.519630
1.519506
1.519382
1.519259
1.519135
1.519011
1.518888
1.518764
1.518641
1.518517
1.518393
1.518270
1.518147
1.518023
1.517900
1.517776
1.517653
1.517530
1.517407
1.517283
1.517161
1.517037
1.516914
1.516791
1.516668
1.516545
1.516423
1.516299
1.516177
1.516054
1.515931
1.515808
1.515686
1.515563
1.515441
1.515318
1.515195
1.515073
1.514951
1.514828
1.514706
1.514583
1.514461
1.514338
1.514216
1.514094
1.513972
1.513850
1.513728
1.513606
1.513484
1.513361
1.513240
1.513118
1.512996
1.512874
1.512752
1.512631
1.512509
1.512387
1.512266
1.512144
1.512022
1.511901
1.511779
1.511658
1.511536
1.511415
1.511294
1.511172
1.511051
1.510929
1.510808
1.510687
1.510566
1.510445
1.510324
1.510203
1.510082
1.509961
1.509840
1.509719
1.509598
1.509477
1.509356
1.509236
1.509115
1.508994
1.508873
1.508753
1.508632
1.508512
1.508391
1.508271
1.508150
1.508030
1.507910
1.507789
1.507669
1.507549
1.507428
1.507308
1.507188
1.507068
1.506948
1.506828
1.506708
1.506588
1.506468
1.506348
1.506228
1.506108
1.505988
1.505869
1.505749
1.505629
1.505509
1.505390
1.505270
1.505151
1.505031
1.504912
1.504792
1.504673
1.504554
1.504434
1.504315
1.504195
1.504076
1.503957
1.503838
1.503719
1.503600
1.503481
1.503361
1.503243
1.503124
1.503005
1.502886
1.502767
1.502648
1.502529
1.502411
1.502292
1.502173
1.502055
1.501936
1.501817
1.501699
1.501580
1.501462
1.501343
1.501225
1.501107
1.500988
1.500870
1.500752
1.500634
1.500515
1.500397
1.500279
1.500161
1.500043
1.499925
1.499807
1.499689
1.499571
1.499453
1.499335
1.499218
1.499100
1.498982
1.498864
1.498747
1.498629
1.498511
1.498394
1.498276
1.498159
1.498042
1.497924
1.497806
1.497689
1.497572
1.497455
1.497337
1.497220
1.497103
1.496986
1.496869
1.496752
1.496634
1.496517
1.496400
1.496283
1.496167
1.496050
1.495933
1.495816
1.495699
1.495582
1.495466
1.495349
1.495232
1.495116
1.494999
1.494883
1.494766
1.494650
1.494533
1.494417
1.494300
1.494184
1.494068
1.493951
1.493835
1.493719
1.493603
1.493487
1.493371
1.493254
1.493138
1.493022
1.492906
1.492790
1.492675
1.492559
1.492443
1.492327
1.492211
1.492095
1.491980
1.491864
1.491749
1.491633
1.491517
1.491402
1.491286
1.491171
1.491055
1.490940
1.490825
1.490709
1.490594
1.490479
1.490363
1.490248
1.490133
1.490018
1.489903
1.489788
1.489673
1.489558
1.489443
1.489328
1.489213
1.489098
1.488983
1.488868
1.488754
1.488639
1.488524
1.488409
1.488295
1.488180
1.488066
1.487951
1.487837
1.487722
1.487608
1.487493
1.487379
1.487264
1.487150
1.487036
1.486922
1.486807
1.486693
1.486579
1.486465
1.486351
1.486237
1.486123
1.486009
1.485895
1.485781
1.485667
1.485553
1.485439
1.485325
1.485212
1.485098
1.484984
1.484871
1.484757
1.484643
1.484530
1.484416
1.484303
1.484190
1.484076
1.483963
1.483849
1.483736
1.483622
1.483509
1.483396
1.483283
1.483169
1.483057
1.482944
1.482830
1.482717
1.482604
1.482491
1.482378
1.482265
1.482152
1.482040
1.481927
1.481814
1.481701
1.481589
1.481476
1.481363
1.481251
1.481138
1.481025
1.480913
1.480800
1.480688
1.480575
1.480463
1.480351
1.480239
1.480126
1.480014
1.479902
1.479789
1.479677
1.479565
1.479453
1.479341
1.479229
1.479117
1.479005
1.478893
1.478781
1.478669
1.478557
1.478445
1.478333
1.478222
1.478110
1.477998
1.477886
1.477775
1.477663
1.477552
1.477440
1.477329
1.477217
1.477106
1.476994
1.476883
1.476772
1.476660
1.476549
1.476438
1.476326
1.476215
1.476104
1.475993
1.475882
1.475770
1.475660
1.475549
1.475438
1.475327
1.475216
1.475105
1.474994
1.474883
1.474772
1.474662
1.474551
1.474440
1.474330
1.474219
1.474108
1.473998
1.473887
1.473777
1.473666
1.473556
1.473445
1.473335
1.473225
1.473114
1.473004
1.472894
1.472783
1.472673
1.472563
1.472453
1.472343
1.472233
1.472122
1.472012
1.471903
1.471793
1.471683
1.471573
1.471463
1.471353
1.471243
1.471133
1.471024
1.470914
1.470804
1.470695
1.470585
1.470475
1.470366
1.470256
1.470147
1.470037
1.469928
1.469819
1.469709
1.469600
1.469491
1.469381
1.469272
1.469163
1.469054
1.468944
1.468835
1.468726
1.468617
1.468508
1.468399
1.468290
1.468181
1.468072
1.467963
1.467854
1.467746
1.467637
1.467528
1.467419
1.467311
1.467202
1.467093
1.466985
1.466876
1.466768
1.466659
1.466550
1.466442
1.466333
1.466225
1.466117
1.466008
1.465900
1.465792
1.465684
1.465575
1.465467
1.465359
1.465251
1.465143
1.465034
1.464926
1.464819
1.464710
1.464603
1.464495
1.464386
1.464279
1.464171
1.464063
1.463955
1.463848
1.463740
1.463632
1.463525
1.463417
1.463309
1.463202
1.463094
1.462987
1.462879
1.462772
1.462664
1.462557
1.462450
1.462343
1.462235
1.462128
1.462020
1.461913
1.461806
1.461699
1.461592
1.461485
1.461378
1.461271
1.461164
1.461057
1.460950
1.460843
1.460736
1.460629
1.460522
1.460415
1.460308
1.460202
1.460095
1.459988
1.459882
1.459775
1.459668
1.459562
1.459455
1.459349
1.459242
1.459136
1.459030
1.458923
1.458817
1.458710
1.458604
1.458498
1.458392
1.458285
1.458179
1.458073
1.457967
1.457861
1.457755
1.457649
1.457543
1.457437
1.457331
1.457225
1.457119
1.457013
1.456907
1.456801
1.456695
1.456590
1.456484
1.456378
1.456272
1.456167
1.456061
1.455956
1.455850
1.455745
1.455639
1.455534
1.455428
1.455323
1.455218
1.455112
1.455007
1.454902
1.454796
1.454691
1.454586
1.454481
1.454375
1.454270
1.454165
1.454060
1.453955
1.453850
1.453745
1.453640
1.453535
1.453431
1.453326
1.453221
1.453116
1.453011
1.452906
1.452802
1.452697
1.452592
1.452487
1.452383
1.452278
1.452174
1.452069
1.451965
1.451860
1.451756
1.451652
1.451547
1.451443
1.451338
1.451234
1.451130
1.451025
1.450922
1.450817
1.450713
1.450609
1.450505
1.450401
1.450297
1.450193
1.450089
1.449984
1.449881
1.449777
1.449673
1.449569
1.449465
1.449362
1.449258
1.449154
1.449050
1.448946
1.448843
1.448739
1.448636
1.448532
1.448429
1.448325
1.448221
1.448118
1.448014
1.447911
1.447808
1.447705
1.447601
1.447498
1.447395
1.447291
1.447188
1.447085
1.446982
1.446879
1.446776
1.446672
1.446569
1.446466
1.446363
1.446260
1.446158
1.446055
1.445952
1.445849
1.445746
1.445643
1.445541
1.445438
1.445335
1.445233
1.445130
1.445027
1.444924
1.444822
1.444719
1.444617
1.444514
1.444412
1.444309
1.444207
1.444104
1.444002
1.443900
1.443798
1.443696
1.443593
1.443491
1.443388
1.443286
1.443184
1.443082
1.442980
1.442878
1.442776
1.442674
1.442572
1.442470
1.442368
1.442266
1.442164
1.442062
1.441961
1.441859
1.441757
1.441655
1.441554
1.441452
1.441350
1.441249
1.441147
1.441046
1.440944
1.440843
1.440741
1.440640
1.440538
1.440437
1.440335
1.440234
1.440132
1.440031
1.439930
1.439829
1.439728
1.439626
1.439525
1.439424
1.439323
1.439222
1.439121
1.439020
1.438919
1.438818
1.438717
1.438616
1.438515
1.438414
1.438313
1.438212
1.438111
1.438011
1.437910
1.437809
1.437709
1.437608
1.437507
1.437407
1.437306
1.437206
1.437105
1.437004
1.436904
1.436804
1.436703
1.436603
1.436503
1.436402
1.436302
1.436202
1.436101
1.436001
1.435901
1.435801
1.435700
1.435600
1.435500
