0.172909
0.174381
0.179389
0.179068
0.171662
0.176726
0.185401
0.187717
0.178966
0.170165
0.170859
0.172618
0.170931
0.172618
0.173940
0.181340
0.179650
0.175885
0.175572
0.174239
0.176795
0.176147
0.176820
0.179474
0.169020
0.169802
0.173848
0.170354
0.171351
0.170052
0.166248
0.163880
0.165491
0.163701
0.161019
0.165185
0.169559
0.170515
0.173589
0.172695
0.171380
0.170683
0.174962
0.180137
0.179265
0.182900
0.174792
0.176209
0.179919
0.176209
0.175641
0.170091
0.169840
0.178028
0.172316
0.165071
0.166104
0.170038
0.165400
0.172909
0.168049
0.170843
0.163281
0.157173
0.162484
0.162636
0.156556
0.155122
0.151378
0.156694
0.156694
0.159344
0.154441
0.155381
0.157849
0.155381
0.151884
0.143589
0.141732
0.143785
0.142122
0.143716
0.144035
0.143769
0.150503
0.150386
0.143549
0.138725
0.139409
0.140462
0.153802
0.151968
0.152123
0.145210
0.150561
0.150405
0.154262
0.154702
0.157792
0.158378
0.154223
0.152204
0.147069
0.145880
0.147069
0.148551
0.150511
0.154945
0.156294
0.154882
0.156294
0.158628
0.156335
0.155528
0.153953
0.162728
0.174870
0.176662
0.178009
0.168822
0.178508
0.172028
0.164837
0.175174
0.181045
0.175940
0.172274
0.168343
0.168797
0.165026
0.163042
0.163386
0.163042
0.156557
0.153140
0.154165
0.154590
0.156684
0.159841
0.160639
0.155461
0.157043
0.156452
0.160897
0.161212
0.157419
0.156526
0.142812
0.140927
0.141735
0.141616
0.144571
0.148319
0.148432
0.148290
0.148291
0.152410
0.148966
0.149183
0.148842
0.147410
0.142631
0.138159
0.133510
0.128445
0.124715
0.126381
0.128422
0.126381
0.122868
0.131294
0.128626
0.138383
0.136239
0.138347
0.140152
0.138752
0.139181
0.138456
0.142662
0.138185
0.141594
0.142858
0.142092
0.139372
0.139169
0.142663
0.137662
0.141059
0.142082
0.141059
0.142950
0.134991
0.139601
0.139537
0.143740
0.141413
0.138048
0.132622
0.135233
0.135295
0.133173
0.130402
0.130679
0.136077
0.134876
0.129353
0.134288
0.133737
0.136016
0.135455
0.134382
0.140785
0.133973
0.134665
0.132531
0.139855
0.139776
0.141623
0.144238
0.142617
0.141960
0.156497
0.148086
0.154766
0.153078
0.149746
0.144123
0.141238
0.143062
0.136897
0.142592
0.145507
0.151857
0.138633
0.141068
0.136044
0.136942
0.129934
0.133931
0.136962
0.133279
0.133279
0.129809
0.126560
0.129478
0.136799
0.137864
0.136236
0.137740
0.132953
0.129301
0.129974
0.122389
0.115823
0.114666
0.117412
0.105587
0.113017
0.109832
0.109103
0.106825
0.103250
0.121208
0.124151
0.114341
0.115155
0.121091
0.117044
0.113903
0.107648
0.115733
0.106543
0.106543
0.110327
0.109729
0.109382
0.114474
0.110330
0.109119
0.113656
0.108141
0.110255
0.108805
0.117413
0.107713
0.109856
0.120581
0.124948
0.126211
0.126880
0.123518
0.117444
0.116165
0.113526
0.117549
0.108330
0.117610
0.119511
0.119975
0.117729
0.119415
0.133455
0.137292
0.129537
0.130473
0.130473
0.131526
0.124501
0.125834
0.126165
0.134744
0.142213
0.138144
0.139652
0.131254
0.125985
0.131254
0.128822
0.126524
0.132137
0.125574
0.126697
0.125641
0.123504
0.125156
0.130965
0.131006
0.127349
0.128728
0.125432
0.129957
0.131059
0.133491
0.137582
0.138937
0.139046
0.147993
0.139535
0.134347
0.139337
0.142651
0.138915
0.146181
0.146041
0.147990
0.141184
0.135204
0.142008
0.142208
0.130142
0.138332
0.130142
0.117690
0.127514
0.121118
0.124157
0.123942
0.127942
0.138573
0.137919
0.132207
0.137196
0.127253
0.131646
0.134615
0.136799
0.131000
0.133343
0.131594
0.133210
0.131405
0.131386
0.131924
0.141518
0.128202
0.125962
0.120429
0.132433
0.134918
0.122532
0.121016
0.119773
0.121133
0.120878
0.121200
0.114573
0.112648
0.101132
0.107392
0.115994
0.116569
0.116266
0.124331
0.122829
0.126794
0.127653
0.118679
0.119595
0.122469
0.125394
0.120025
0.123536
0.116569
0.116602
0.117136
0.118632
0.128943
0.127556
0.127337
0.126626
0.127084
0.132140
0.129345
0.122902
0.124382
0.115363
0.127462
0.129866
0.134783
0.145390
0.146795
0.151054
0.148823
0.150346
0.150564
0.138141
0.141556
0.135051
0.131798
0.130492
0.137708
0.136546
0.130862
0.128886
0.129673
0.134969
0.136338
0.141260
0.143228
0.140879
0.140144
0.145596
0.144566
0.145973
0.138537
0.137246
0.144970
0.146602
0.149185
0.147219
0.144250
0.145986
0.146502
0.146502
0.136299
0.146241
0.140832
0.126770
0.130451
0.133045
0.139137
0.144526
0.145810
0.148955
0.151682
0.155282
0.159743
0.155013
0.144858
0.155013
0.156180
0.159331
0.155907
0.152437
0.147197
0.144048
0.144588
0.146679
0.143184
0.139894
0.132729
0.130946
0.123198
0.130675
0.138240
0.135198
0.147608
0.134286
0.149652
0.144634
0.136503
0.145225
0.154080
0.150850
0.135664
0.136553
0.146802
0.145903
0.143043
0.141334
0.144020
0.154269
0.141751
0.142474
0.142670
0.136717
0.140569
0.141000
0.143313
0.138563
0.144753
0.139082
0.146639
0.142008
0.140032
0.141814
0.137778
0.141404
0.151030
0.141404
0.144462
0.141243
0.141667
0.136951
0.140467
0.140658
0.142239
0.131273
0.136552
0.137470
0.140574
0.153520
0.154446
0.155216
0.160771
0.153255
0.159076
0.155482
0.141327
0.140950
0.144709
0.149863
0.144709
0.144946
0.148635
0.142192
0.152921
0.152921
0.137562
0.139320
0.134854
0.134783
0.129583
0.126657
0.135353
0.145300
0.148098
0.141681
0.146278
0.153494
0.151981
0.144388
0.143816
0.143153
0.137450
0.146846
0.145730
0.139895
0.135439
0.138931
0.138375
0.136766
0.137454
0.136766
0.136800
0.128410
0.120818
0.120463
0.111759
0.115734
0.111759
0.113137
0.116137
0.123918
0.133098
0.130218
0.128043
0.133041
0.132866
0.135728
0.140454
0.136702
0.131141
0.134492
0.132530
0.138279
0.135403
0.135642
0.139345
0.142267
0.145416
0.150816
0.147119
0.145401
0.150660
0.155788
0.150660
0.152680
0.148361
0.156322
0.156069
0.145782
0.133483
0.130669
0.133334
0.126946
0.144668
0.135333
0.135414
0.142743
0.145139
0.151782
0.148276
0.153047
0.151388
0.149869
0.141422
0.139920
0.139111
0.139920
0.139111
0.137320
0.134238
0.126540
0.131824
0.143396
0.145305
0.147767
0.150191
0.149312
0.146584
0.146584
0.148448
0.149512
0.144529
0.149512
0.136799
0.132757
0.131349
0.143496
0.147160
0.152119
0.152119
0.148444
0.148944
0.146842
0.148570
0.150301
0.150114
0.149995
0.154687
0.161865
0.152557
0.147500
0.160035
0.160392
0.152451
0.154410
0.150673
0.150258
0.158276
0.160405
0.158776
0.158776
0.158437
0.147047
0.151388
0.147285
0.151544
0.157965
0.159124
0.147995
0.147768
0.139966
0.149907
0.156248
0.153626
0.150632
0.153266
0.149356
0.151440
0.155197
0.155197
0.156963
0.149569
0.144607
0.137236
0.145233
0.142553
0.143203
0.144224
0.142965
0.131459
0.130455
0.131208
0.124236
0.131208
0.135565
0.135600
0.137426
0.138650
0.140405
0.136453
0.138112
0.140870
0.138112
0.139815
0.149022
0.145410
0.143378
0.146306
0.144356
0.141680
0.141311
0.144405
0.136662
0.142812
0.144963
0.154087
0.156999
0.158016
0.153114
0.156134
0.158620
0.158639
0.161152
0.163085
0.157113
0.152458
0.157108
0.150998
0.158049
0.145251
0.158049
0.153335
0.147834
0.154894
0.152089
0.143903
0.145142
0.141288
0.146690
0.150210
0.153500
0.147909
0.142999
0.143424
0.137524
0.143185
0.138582
0.150236
0.153006
0.147149
0.147292
0.148918
0.143052
0.145254
0.143052
0.137616
0.136999
0.139159
0.140413
0.141622
0.147466
0.153721
0.157235
0.152142
0.154878
0.159903
0.162049
0.163393
0.154528
0.160791
0.152730
0.156137
0.157822
0.145796
0.145647
0.145379
0.145647
0.143607
0.146860
0.145722
0.134415
0.137994
0.136571
0.138389
0.138108
0.140539
0.142204
0.146527
0.142204
0.143002
0.149731
0.150232
0.158532
0.162452
0.158253
0.155167
0.149794
0.148988
0.153973
0.152348
0.159120
0.150203
0.151428
0.150203
0.149001
0.154789
0.160333
0.158685
0.161165
0.158533
0.157500
0.156742
0.154488
0.151711
0.143760
0.145520
0.144372
0.140682
0.140682
0.146132
0.155672
0.154023
0.150253
0.147194
0.149466
0.142020
0.145231
0.142351
0.139541
0.142182
0.143347
0.141133
0.134114
0.128863
0.131551
0.133215
0.138687
0.141301
0.145824
0.139924
0.133678
0.133311
0.130044
0.130434
0.126283
0.133318
0.144859
0.149715
0.139137
0.141687
0.139137
0.142314
0.147516
0.153190
0.150727
0.150727
0.155772
0.151819
0.150828
0.144665
0.157583
0.159806
0.168373
0.168801
0.166638
0.166516
0.168842
0.167560
0.169333
0.167560
0.152339
0.147237
0.147237
0.146368
0.148960
0.146368
0.146368
0.145587
0.154904
0.152012
0.145438
0.139465
0.139036
0.141717
0.140282
0.138358
0.134002
0.134187
0.141214
0.139880
0.138095
0.133408
0.138209
0.132450
0.137781
0.142128
0.137150
0.137295
0.134893
0.133424
0.139662
0.138807
0.131886
0.135982
0.135198
0.132686
0.139055
0.140940
0.141627
0.145296
0.150148
0.148016
0.153589
0.149427
0.151736
0.156032
0.155539
0.152309
0.147164
0.153173
0.157388
0.161931
0.165217
0.167692
0.166902
0.167150
0.162405
0.153631
0.156329
0.159752
0.157053
0.156139
0.156979
0.150787
0.153700
0.155522
0.155954
0.148101
0.148084
0.157421
0.157998
0.152426
0.147874
0.144001
0.136582
0.140552
0.142026
0.139838
0.136597
0.143981
0.146036
0.145594
0.142644
0.147591
0.135840
0.135429
0.134803
0.133724
0.139337
0.134910
0.143194
0.149025
0.144617
0.138635
0.142779
0.143131
0.141779
0.138482
0.141033
0.137827
0.138792
0.137827
0.145169
0.147133
0.148225
0.149440
0.154352
0.148901
0.149152
0.142258
0.150482
0.151894
0.156270
0.152818
0.159784
0.151482
0.154931
0.150364
0.147205
0.148350
0.147680
0.148123
0.147004
0.141260
0.154818
0.155298
0.159905
0.153339
0.153339
0.157370
0.152283
0.155275
0.144154
0.145794
0.140238
0.140014
0.149979
0.140501
0.141018
0.146442
0.142326
0.141765
0.143594
0.139572
0.138906
0.128176
0.127810
0.131531
0.137316
0.135650
0.135103
0.133754
0.126913
0.132954
0.124298
0.125129
0.124556
0.125129
0.135518
0.137741
0.138400
0.146982
0.153094
0.144236
0.148937
0.159257
0.156617
0.148302
0.150947
0.137628
0.147680
0.137283
0.143245
0.134180
0.138229
0.143679
0.144229
0.145799
0.147033
0.146742
0.152454
0.147521
0.142952
0.140975
0.144930
0.141415
0.144872
0.148330
0.144143
0.143091
0.131820
0.129011
0.121974
0.120067
0.125339
0.129900
0.129668
0.131117
0.133538
0.130430
0.128527
0.131538
0.126712
0.132451
0.134521
0.141472
0.138016
0.132531
0.128744
0.126080
0.123908
0.125626
0.130647
0.129372
0.132000
0.131094
0.136765
0.136426
0.131780
0.139583
0.135002
0.134417
0.131663
0.137122
0.134794
0.135118
0.135458
0.133049
0.137394
0.127457
0.133031
0.132272
0.132517
0.133725
0.130413
0.129980
0.126749
0.125523
0.123156
0.128391
0.132291
0.133403
0.123221
0.127372
0.120433
0.121152
0.122144
0.123746
0.125222
0.124806
0.127906
0.121145
0.120065
0.130739
0.127327
0.123282
0.121950
0.123282
0.122753
0.116448
0.117038
0.118583
0.117306
0.120157
0.124578
0.124578
0.118089
0.128358
0.124063
0.128129
0.123848
0.123250
0.129604
0.128881
0.128321
0.131751
0.130068
0.127377
0.129415
0.127863
0.127571
0.129736
0.128639
0.119954
0.120424
0.117202
0.120097
0.115508
0.115845
0.116550
0.121602
0.126930
0.122196
0.118978
0.122873
0.126764
0.123326
0.126710
0.129097
0.131701
0.129097
0.131104
0.129163
0.126861
0.132550
0.131578
0.129932
0.140438
0.144430
0.136164
0.136949
0.126886
0.134918
0.141652
0.134394
0.134939
0.135517
0.133122
0.141996
0.137115
0.136093
0.144088
0.142063
0.143433
0.145868
0.147619
0.150989
0.144288
0.150989
0.153074
0.152860
0.154306
0.164252
0.169453
0.159454
0.165404
0.168291
0.162446
0.162811
0.163475
0.153967
0.156049
0.151367
0.156049
0.151367
0.165163
0.157717
0.155905
0.155504
0.157482
0.156235
0.155097
0.152829
0.153280
0.147705
0.150199
0.147267
0.140419
0.144092
0.144381
0.144146
0.146630
0.146808
0.145914
0.141839
0.133171
0.138194
0.136184
0.138194
0.126556
0.130815
0.131772
0.129663
0.134857
0.135739
0.132996
0.129699
0.134159
0.137254
0.132955
0.139433
0.137266
0.140477
0.139014
0.139014
0.133743
0.135885
0.131710
0.131150
0.132040
0.129476
0.130153
0.128971
0.126893
0.125472
0.134861
0.130374
0.139028
0.141539
0.128224
0.130772
0.141947
0.130753
0.135024
0.139260
0.145502
0.146410
0.153301
0.147821
0.148164
0.146788
0.150772
0.146412
0.141323
0.142441
0.137562
0.137209
0.140413
0.144053
0.146025
0.145482
0.147813
0.147565
0.142807
0.154242
0.160413
0.155610
0.155272
0.151753
0.144298
0.142055
0.146338
0.146108
0.152545
0.158536
0.147341
0.151770
0.149218
0.143942
0.138577
0.128622
0.138577
0.131411
0.135980
0.138630
0.133596
0.135639
0.137680
0.130489
0.130062
0.135406
0.127258
0.129531
0.127282
0.129739
0.127294
0.129383
0.126905
0.133132
0.136829
0.138760
0.139554
0.138052
0.151733
0.145357
0.143798
0.139313
0.138721
0.139866
0.133653
0.131947
0.126071
0.127711
0.126484
0.127401
0.124037
0.121133
0.129623
0.128707
0.128993
0.135923
0.134292
0.143182
0.146736
0.148673
0.149241
0.155335
0.141774
0.136262
0.133373
0.142512
0.129575
0.125052
0.131654
0.145539
0.148270
0.146701
0.144376
0.148767
0.151339
0.148393
0.148235
0.148526
0.147055
0.140828
0.140009
0.139379
0.134623
0.133428
0.140924
0.137098
0.133471
0.133250
0.133180
0.126398
0.131262
0.133440
0.133742
0.135745
0.140359
0.127209
0.137618
0.137819
0.138828
0.138523
0.131655
0.131655
0.128673
0.123931
0.134311
0.126548
0.134248
0.130272
0.129557
0.130272
0.134721
0.126118
0.127707
0.123846
0.116497
0.126118
0.127999
0.119763
0.123314
0.128201
0.127493
0.126277
0.125926
0.126001
0.134257
0.140449
0.140941
0.136358
0.130669
0.131022
0.128073
0.127538
0.133396
0.136371
0.143014
0.140799
0.144693
0.138251
0.137275
0.142435
0.137525
0.127398
0.133669
0.139049
0.151409
0.145714
0.145985
0.145497
0.141763
0.139177
0.133173
0.133755
0.136707
0.140854
0.145100
0.148055
0.139193
0.154855
0.166360
0.163460
0.167075
0.165834
0.163486
0.160746
0.169471
0.167532
0.165709
0.172339
0.172830
0.170487
0.171601
0.171223
0.166669
0.164124
0.162671
0.160166
0.158121
0.157127
0.157177
0.160760
0.157554
0.150473
0.154019
0.157142
0.149239
0.159237
0.153763
0.147516
0.156177
0.151256
0.166792
0.159918
0.153117
0.151789
0.160471
0.160270
0.153684
0.162136
0.163204
0.161706
0.159892
0.160674
0.154122
0.145509
0.143911
0.146547
0.149578
0.154176
0.151160
0.149266
0.145745
0.143099
0.138833
0.129168
0.135725
0.136835
0.137547
0.138829
0.140774
0.147067
0.144661
0.157060
0.153582
0.153582
0.154266
0.155424
0.156138
0.155025
0.155025
0.147688
0.151916
0.149399
0.141355
0.138421
0.140805
0.141741
0.146801
0.148729
0.154999
0.154328
0.152546
0.154391
0.154391
0.155342
0.154232
0.157272
0.163326
0.154374
0.164078
0.160206
0.157923
0.153513
0.151872
0.151872
0.151321
0.149851
0.152386
0.151823
0.153527
0.152975
0.148501
0.149304
0.152238
0.151747
0.158183
0.162922
0.159358
0.165398
0.172595
0.172457
0.164315
0.163151
0.157128
0.151587
0.151169
0.150811
0.158715
0.152061
0.152329
0.152421
0.161309
0.157853
0.153775
0.155730
0.162957
0.159580
0.151111
0.150360
0.144498
0.143853
0.139414
0.145579
0.154346
0.151650
0.146300
0.150447
0.160592
0.163167
0.166302
0.168085
0.168085
0.168838
0.165280
0.166014
0.168119
0.161238
0.160500
0.157269
0.153464
0.158984
0.157884
0.165411
0.158751
0.157894
0.156981
0.161250
0.159056
0.153458
0.150043
0.155765
0.152875
0.145415
0.141374
0.138001
0.136875
0.136794
0.134855
0.134297
0.141164
0.146041
0.145108
0.149385
0.152767
0.148542
0.148488
0.148741
0.153310
0.153468
0.152452
0.150860
0.151632
0.147225
0.144322
0.145722
0.152649
0.151386
0.141116
0.138821
0.141032
0.140196
0.140984
0.149714
0.144816
0.137049
0.128096
0.137139
0.138636
0.138395
0.143974
0.146302
0.154528
0.152273
0.157050
0.159068
0.156151
0.155661
0.159403
0.151675
0.152038
0.152732
0.149144
0.148437
0.151812
0.156053
0.149204
0.151304
0.161522
0.165581
0.162773
0.162166
0.158392
0.154400
0.163141
0.162126
0.153879
0.143376
0.144587
0.146528
0.141532
0.145712
0.156112
0.154028
0.167518
0.158712
0.156885
0.160148
0.166001
0.167053
0.161115
0.160946
0.169131
0.169863
0.173556
0.175266
0.176045
0.179119
0.171110
0.177861
0.172593
0.168988
0.167700
0.162027
0.172553
0.167082
0.167015
0.165923
0.166805
0.166819
0.165998
0.162160
0.154295
0.166113
0.160147
0.165447
0.167301
0.166789
0.171437
0.174033
0.175730
0.175453
0.171322
0.167692
0.166909
0.160504
0.160504
0.159618
0.157808
0.160680
0.162932
0.152852
0.155213
0.157250
0.159567
0.157326
0.154279
0.145524
0.145268
0.145732
0.147399
0.143248
0.146698
0.148668
0.149639
0.145990
0.154023
0.145990
0.149377
0.149896
0.158056
0.163472
0.164344
0.154864
0.153284
0.150366
0.157712
0.154948
0.146659
0.156473
0.158171
0.161415
0.164277
0.162437
0.148152
0.151117
0.160569
0.151685
0.150669
0.155811
0.156265
0.154164
0.145190
0.152897
0.152360
0.158040
0.158040
0.158261
0.156768
0.161644
0.158276
0.161087
0.160021
0.158958
0.162371
0.164853
0.160119
0.164095
0.164273
0.154335
0.156266
0.157452
0.155951
0.161966
0.159124
0.155971
0.147892
0.154674
0.157359
0.159092
0.162415
0.160246
0.162029
0.159210
0.156319
0.151385
0.146609
0.149015
0.151828
0.150698
0.152719
0.151764
0.145726
0.148558
0.145913
0.145947
0.145947
0.143375
0.147819
0.159092
0.151914
0.154105
0.147709
0.140565
0.145091
0.139178
0.145091
0.145340
0.133934
0.140087
0.136051
0.144583
0.149746
0.148309
0.144918
0.147950
0.144815
0.139353
0.141624
0.145386
0.145198
0.146912
0.148093
0.147948
0.143675
0.141365
0.149479
0.144672
0.144113
0.136439
0.141363
0.146054
0.148367
0.142776
0.139740
0.141933
0.140523
0.144407
0.142859
0.135677
0.142859
0.144320
0.144838
0.141362
0.141569
0.137363
0.132376
0.146554
0.149452
0.152180
0.149452
0.147003
0.144616
0.147299
0.136271
0.125606
0.136272
0.141878
0.142554
0.143621
0.148858
0.139186
0.139614
0.141072
0.138102
0.138613
0.142045
0.131129
0.128997
0.132507
0.126390
0.126730
0.129781
0.129801
0.128068
0.127252
0.136766
0.129325
0.136027
0.136284
0.136330
0.132614
0.125665
0.125320
0.133023
0.127655
0.121562
0.123345
0.124478
0.124076
0.126137
0.124175
0.125491
0.123230
0.115328
0.118626
0.121373
0.122732
0.129030
0.122732
0.120640
0.115773
0.114890
0.119912
0.121412
0.116099
0.117723
0.113916
0.117526
0.121200
0.119462
0.119050
0.113508
0.121291
0.113508
0.102724
0.100422
0.106870
0.110684
0.108544
0.106542
0.099087
0.098283
0.102258
0.106017
0.109597
0.122811
0.127005
0.117729
0.106580
0.100583
0.100184
0.095201
0.102546
0.102546
0.106981
0.102599
0.109847
0.118378
0.120151
0.114430
0.111488
0.125194
0.126841
0.123870
0.133317
0.112542
0.104453
0.109999
0.123125
0.106371
0.106529
0.116748
0.111009
0.111009
0.113399
0.115017
0.113907
0.116639
0.111690
0.109591
0.109542
0.109765
0.115534
0.114033
0.113551
0.118847
0.105492
0.097878
0.107100
0.102599
0.106645
0.109428
0.113688
0.109428
0.116926
0.117404
0.119021
0.117601
0.121367
0.113425
0.114021
0.117564
0.115852
0.124921
0.118129
0.107290
0.101782
0.102742
0.102742
0.097162
0.099364
0.095511
0.104025
0.111145
0.114844
0.113379
0.105497
0.107950
0.105976
0.106636
0.109996
0.109611
0.104785
0.103598
0.117479
0.113978
0.108566
0.110594
0.107762
0.107762
0.104221
0.110853
0.111843
0.105276
0.104930
0.108269
0.110421
0.118282
0.118524
0.116582
0.117619
0.115923
0.118503
0.111027
0.113919
0.112396
0.113155
0.113259
0.113327
0.118954
0.121345
0.121212
0.122980
0.120862
0.121350
0.119719
0.114499
0.111842
0.129842
0.128985
0.128162
0.124384
0.126831
0.131187
0.131935
0.139786
0.138503
0.134890
0.134734
0.138465
0.134734
0.128842
0.129275
0.127988
0.129251
0.131250
0.127307
0.122452
0.115287
0.110765
0.114238
0.116312
0.114238
0.105458
0.107283
0.104552
0.110122
0.114349
0.127562
0.117683
0.127562
0.123595
0.118747
0.120319
0.119120
0.122305
0.116682
0.112435
0.114135
0.112626
0.113188
0.114338
0.110709
0.106904
0.114955
0.113577
0.097739
0.093401
0.100395
0.096080
0.099378
0.094565
0.106164
0.107869
0.108410
0.097006
0.092493
0.097361
0.098597
0.095495
0.086113
0.085617
0.074567
0.081063
0.083365
0.076506
0.070810
0.076664
0.089187
0.089187
0.086688
0.079602
0.080660
0.080062
0.088127
0.091054
0.093586
0.081471
0.079593
0.074175
0.079000
0.082044
0.086811
0.078156
0.075187
0.070859
0.071767
0.076199
0.085868
0.080232
0.080284
0.080061
0.080061
0.080284
0.081880
0.081965
0.080069
0.078636
0.080069
0.077731
0.075791
0.080367
0.080764
0.079413
0.081866
0.072302
0.072768
0.079481
0.078976
0.083739
0.085012
0.079669
0.076967
0.083587
0.098301
0.103069
0.106634
0.107325
0.104569
0.106537
0.113815
0.106537
0.095734
0.100160
0.094484
0.094013
0.097467
0.087649
0.088598
0.093324
0.094738
0.085070
0.090812
0.086272
0.092085
0.088961
0.084147
0.081898
0.079284
0.079453
0.079876
0.087509
0.085242
0.083204
0.085008
0.089871
0.081401
0.083247
0.081401
0.088815
0.093374
0.085355
0.095799
0.087924
0.087364
0.090742
0.104065
0.092692
0.098726
0.100414
0.108485
0.105482
0.119166
0.123470
0.128149
0.122555
0.125710
0.127401
0.123637
0.123148
0.126575
0.127784
0.125674
0.123837
0.125460
0.123534
0.124185
0.121595
0.110820
0.114783
0.116686
0.122761
0.125803
0.123776
0.125839
0.125947
0.129055
0.127302
0.127587
0.121201
0.118959
0.122411
0.122337
0.118599
0.120089
0.113493
0.114846
0.112975
0.115852
0.114627
0.110501
0.116705
0.114454
0.119155
0.126135
0.129310
0.127868
0.123502
0.121681
0.125815
0.117178
0.116053
0.122906
0.121143
0.122734
0.121639
0.127736
0.129362
0.117185
0.117106
0.109529
0.111570
0.114191
0.113332
0.116230
0.115778
0.115330
0.114832
0.116822
0.110603
0.114820
0.121467
0.120008
0.115470
0.114864
0.114864
0.110726
0.117220
0.117343
0.119441
0.118031
0.116522
0.110859
0.111996
0.113578
0.106861
0.113582
0.106861
0.115812
0.111399
0.119891
0.116162
0.123457
0.126361
0.126361
0.126080
0.126516
0.131405
0.137029
0.142040
0.142493
0.145772
0.132000
0.130785
0.122510
0.125464
0.124882
0.126297
0.120318
0.121261
0.120318
0.122163
0.125170
0.130738
0.124185
0.130959
0.129239
0.118753
0.119601
0.126803
0.129140
0.126708
0.119162
0.134297
0.132307
0.130551
0.127016
0.134097
0.134216
0.128942
0.132567
0.121214
0.124584
0.129105
0.131554
0.127597
0.127597
0.118134
0.114510
0.110526
0.112258
0.117809
0.131815
0.131815
0.123452
0.128553
0.119607
0.120263
0.111837
0.116020
0.121793
0.121050
0.126688
0.128413
0.126364
0.130938
0.138402
0.130938
0.131088
0.132376
0.137456
0.140214
0.124096
0.124096
0.121344
0.120286
0.119447
0.121663
0.117443
0.118612
0.118514
0.116753
0.126454
0.112844
0.107517
0.108725
0.103743
0.109929
0.103917
0.098893
0.094989
0.093224
0.095879
0.096617
0.101868
0.101378
0.105396
0.113808
0.111467
0.107438
0.109070
0.107438
0.107624
0.106400
0.106368
0.107123
0.107089
0.114345
0.113162
0.107919
0.108788
0.107847
0.118488
0.122423
0.118304
0.109584
0.106755
0.102422
0.104756
0.104020
0.108505
0.110170
0.108200
0.109385
0.105040
0.111407
0.104782
0.107063
0.104782
0.099700
0.104725
0.105919
0.112860
0.113870
0.107624
0.112782
0.106003
0.110058
0.113806
0.118305
0.112598
0.118336
0.113927
0.124324
0.110148
0.113822
0.110536
0.112423
0.105418
0.105935
0.105610
0.110805
0.110805
0.108974
0.115859
0.114747
0.109046
0.104978
0.109521
0.091215
0.105276
0.090098
0.088510
0.097304
0.096115
0.100043
0.092195
0.091004
0.101836
0.102248
0.106667
0.103261
0.112964
0.108296
0.113660
0.114975
0.117152
0.119091
0.115896
0.119670
0.116522
0.125100
0.116890
0.120001
0.128153
0.130715
0.138713
0.139712
0.138731
0.136847
0.143833
0.141181
0.135048
0.141133
0.141056
0.137281
0.137317
0.137226
0.136206
0.136773
0.137822
0.134901
0.133356
0.131309
0.130627
0.134549
0.135087
0.139307
0.134920
0.140838
0.139332
0.132073
0.132125
0.136651
0.137545
0.133242
0.133386
0.133574
0.132692
0.129604
0.134005
0.134740
0.131398
0.127802
0.131698
0.139450
0.142372
0.138317
0.132698
0.133956
0.139011
0.143213
0.142401
0.143301
0.147426
0.140306
0.133941
0.132670
0.131333
0.129891
0.131066
0.133076
0.129986
0.127924
0.135914
0.135416
0.132145
0.127632
0.135983
0.134075
0.134625
0.137503
0.147254
0.144374
0.141924
0.126101
0.121195
0.121193
0.120208
0.123539
0.125676
0.123241
0.114963
0.118791
0.115795
0.121736
0.122430
0.131315
0.130556
0.140474
0.135669
0.128563
0.122777
0.131903
0.134912
0.132960
0.133194
0.132960
0.141331
0.140459
0.144739
0.142842
0.139907
0.141857
0.134183
0.125301
0.126971
0.130852
0.117810
0.118413
0.124330
0.130659
0.139620
0.140716
0.146884
0.150181
0.150919
0.154797
0.156963
0.150722
0.153164
0.149876
0.147814
0.150058
0.150056
0.148777
0.144731
0.145176
0.147826
0.149411
0.150806
0.160638
0.162571
0.163045
0.152756
0.149248
0.146473
0.141901
0.136716
0.133534
0.136502
0.139366
0.141275
0.142357
0.141426
0.143439
0.144677
0.143157
0.146523
0.135980
0.141507
0.153836
0.147415
0.140779
0.142040
0.142264
0.150711
0.155140
0.149939
0.152529
0.149611
0.148818
0.146731
0.142711
0.138476
0.133369
0.136898
0.137175
0.142921
0.138189
0.136135
0.130965
0.127995
0.124519
0.123961
0.116172
0.121468
0.116765
0.118694
0.125849
0.125601
0.125263
0.130800
0.121377
0.121377
0.121377
0.119129
0.122418
0.122902
0.121287
0.119478
0.121658
0.119572
0.122798
0.129070
0.136788
0.138782
0.143706
0.131816
0.131317
0.133198
0.136044
0.131978
0.130601
0.134620
0.129416
0.131848
0.132582
0.141629
0.130980
0.130043
0.129782
0.136223
0.136261
0.142142
0.138285
0.140738
0.139301
0.133973
0.123744
0.130287
0.114385
0.120241
0.125960
0.119630
0.121569
0.122391
0.118116
0.113282
0.121200
0.121200
0.128005
0.120656
0.121005
0.127173
0.127173
0.125717
0.123009
0.133329
0.127511
0.124275
0.109802
0.111354
0.113483
0.110647
0.115487
0.123153
0.125735
0.118860
0.122395
0.115091
0.121219
0.115167
0.109195
0.109195
0.110826
0.107861
0.110157
0.116124
0.105176
0.103382
0.101764
0.105638
0.103960
0.099819
0.104316
0.090950
0.097713
0.108485
0.117441
0.109557
0.112848
0.112195
0.119006
0.115840
0.113081
0.110274
0.108946
0.105955
0.107674
0.107674
0.111949
0.111949
0.111585
0.111271
0.115336
0.111341
0.106172
0.100281
0.101332
0.106196
0.106436
0.109225
0.113703
0.104687
0.110947
0.121747
0.122812
0.127627
0.121637
0.122086
0.119223
0.112205
0.112456
0.113776
0.112456
0.110604
0.117134
0.122833
0.117252
0.116189
0.118726
0.114312
0.112632
0.111046
0.105828
0.107932
0.108254
0.117830
0.120493
0.114908
0.114830
0.114873
0.115619
0.120569
0.120437
0.117362
0.115075
0.124567
0.121266
0.115470
0.115184
0.117937
0.117905
0.113356
0.102429
0.102248
0.105633
0.108293
0.104435
0.106698
0.099326
0.099255
0.091705
0.094729
0.093808
0.095149
0.100654
0.102956
0.098651
0.094919
0.096569
0.111003
0.097170
0.109125
0.118207
0.110359
0.096867
0.102958
0.106252
0.105063
0.107248
0.110288
0.109628
0.112994
0.111027
0.107716
0.105499
0.099400
0.102047
0.098900
0.097878
0.093596
0.092477
0.092982
0.095631
0.096102
0.102185
0.104636
0.093408
0.093365
0.096745
0.099331
0.097654
0.099622
0.097878
0.098087
0.095727
0.097590
0.094253
0.099110
0.094462
0.092878
0.090422
0.089698
0.081381
0.078720
0.079058
0.085000
0.083944
0.084649
0.085203
0.080423
0.085203
0.084360
0.085203
0.083418
0.084819
0.089529
0.087738
0.089275
0.087099
0.091786
0.093893
0.101687
0.096681
0.101604
0.104091
0.109785
0.105556
0.101188
0.102571
0.104850
0.099826
0.100670
0.100488
0.106169
0.107527
0.110567
0.108386
0.114089
0.102852
0.097296
0.097902
0.096406
0.092320
0.097516
0.097915
0.096403
0.093947
0.099236
0.106507
0.107218
0.106713
0.109846
0.113028
0.115546
0.112498
0.115546
0.115225
0.117615
0.119874
0.122253
0.129679
0.125174
0.118953
0.120798
0.121980
0.121577
0.117035
0.125200
0.124889
0.127888
0.129701
0.124618
0.125069
0.125920
0.124908
0.125564
0.125080
0.126145
0.123184
0.121170
0.117710
0.120537
0.122851
0.127887
0.122876
0.121887
0.115501
0.111840
0.112787
0.111617
0.106434
0.105529
0.114463
0.110032
0.102794
0.103959
0.103606
0.108518
0.110966
0.109588
0.114072
0.108758
0.116404
0.112346
0.113716
0.111120
0.110743
0.108194
0.109342
0.104342
0.105536
0.107300
0.109330
0.109917
0.116218
0.109917
0.109917
0.109917
0.101507
0.094391
0.095354
0.096496
0.104045
0.094867
0.090868
0.097380
0.098985
0.099443
0.103981
0.086602
0.093310
0.098079
0.100821
0.093616
0.097350
0.097045
0.085794
0.090388
0.087645
0.105803
0.093853
0.094809
0.097038
0.100767
0.095194
0.097558
0.097147
0.090319
0.099415
0.102807
0.115459
0.113980
0.108031
0.112305
0.109691
0.113308
0.115309
0.125726
0.126995
0.128840
0.128020
0.134120
0.132150
0.134732
0.131601
0.132990
0.130393
0.135566
0.143900
0.141106
0.141106
0.141184
0.141835
0.130149
0.134910
0.135309
0.135480
0.135894
0.135506
0.143606
0.147728
0.149229
0.151557
0.153951
0.151221
0.148241
0.141429
0.141429
0.134279
0.136921
0.131840
0.128911
0.125816
0.119544
0.122172
0.127898
0.121249
0.123066
0.122935
0.126091
0.116919
0.125852
0.131673
0.128568
0.127061
0.126327
0.133794
0.138173
0.138288
0.129681
0.136069
0.139792
0.143797
0.137117
0.138477
0.135009
0.140366
0.138455
0.133242
0.133242
0.139728
0.130898
0.128538
0.123842
0.122074
0.122504
0.127700
0.122246
0.132456
0.124685
0.130236
0.130299
0.127135
0.130299
0.129378
0.137265
0.139040
0.136856
0.141018
0.142469
0.148351
0.145233
0.138745
0.145233
0.147160
0.142524
0.149648
0.147983
0.147902
0.149911
0.152122
0.149911
0.154241
0.160807
0.155336
0.158950
0.156456
0.163061
0.157614
0.154851
0.154145
0.152516
0.134701
0.135148
0.142000
0.145156
0.145123
0.146252
0.145123
0.134512
0.141476
0.148933
0.150163
0.143100
0.149285
0.150887
0.143610
0.140735
0.147045
0.138265
0.144524
0.140179
0.145061
0.146226
0.145785
0.143607
0.137392
0.140795
0.140795
0.141360
0.143780
0.142875
0.148065
0.139926
0.138542
0.137291
0.131763
0.135310
0.131448
0.123134
0.124568
0.122423
0.134328
0.136891
0.128042
0.134155
0.141126
0.138674
0.137111
0.137856
0.133759
0.139315
0.133046
0.132749
0.135002
0.130538
0.130761
0.135128
0.131836
0.133860
0.128446
0.129927
0.127213
0.124271
0.127258
0.125200
0.121200
0.120935
0.122432
0.120935
0.125155
0.117772
0.121270
0.116288
0.121182
0.118639
0.116047
0.121553
0.128657
0.127900
0.126557
0.120436
0.120617
0.119544
0.123280
0.122129
0.128036
0.127854
0.136601
0.134202
0.124980
0.114242
0.110882
0.113993
0.114766
0.114488
0.115414
0.114839
0.115561
0.119897
0.117661
0.118753
0.131437
0.127579
0.124947
0.130766
0.133897
0.127125
0.124586
0.119193
0.119032
0.125265
0.116644
0.118577
0.118638
0.110473
0.114682
0.119656
0.124438
0.120542
0.128320
0.133155
0.132272
0.132362
0.132549
0.130209
0.132293
0.139629
0.138945
0.137102
0.134962
0.144545
0.147889
0.141344
0.143182
0.144367
0.145278
0.144224
0.143392
0.140556
0.139318
0.142552
0.146824
0.148338
0.145606
0.140865
0.135762
0.153433
0.153433
0.137474
0.141344
0.124553
0.131379
0.132869
0.135928
0.135928
0.128140
0.130110
0.133751
0.134432
0.130989
0.135630
0.127936
0.127110
0.123370
0.125640
0.124026
0.118356
0.117475
0.123646
0.123285
0.122798
0.115314
0.116895
0.115273
0.128846
0.118877
0.113426
0.120291
0.129386
0.132103
0.132226
0.132427
0.134408
0.134392
0.121096
0.124257
0.116465
0.113079
0.109880
0.108129
0.105996
0.100685
0.100791
0.101925
0.109444
0.127808
0.121663
0.115557
0.129087
0.117618
0.127469
0.127469
0.128049
0.130402
0.136617
0.139314
0.132545
0.135781
0.132140
0.134483
0.135553
0.144197
0.143389
0.131896
0.134232
0.138082
0.141458
0.150172
0.143523
0.141945
0.138245
0.146177
0.145772
0.133821
0.132537
0.128957
0.126903
0.128114
0.139968
0.132397
0.129125
0.132397
0.131734
0.134638
0.136366
0.135760
0.128339
0.128589
0.132576
0.122543
0.127431
0.128311
0.123757
0.118319
0.127805
0.126385
0.116943
0.122320
0.126259
0.124920
0.126170
0.125090
0.120197
0.124243
0.127582
0.126374
0.129009
0.124142
0.125688
0.133069
0.128601
0.134865
0.136277
0.132051
0.136277
0.129950
0.118817
0.120864
0.120723
0.124042
0.126155
0.120246
0.124182
0.128043
0.124899
0.133464
0.133104
0.131399
0.133104
0.133684
0.132922
0.124545
0.133770
0.129601
0.137859
0.134366
0.136895
0.134890
0.129132
0.129805
0.127944
0.127455
0.117182
0.117676
0.109909
0.110887
0.122584
0.121504
0.128601
0.128360
0.127677
0.134268
0.135107
0.139180
0.140724
0.141431
0.150879
0.140093
0.131569
0.138659
0.141171
0.135072
0.132739
0.131156
0.136632
0.136700
0.133861
0.130906
0.133328
0.129235
0.139122
0.136135
0.140407
0.146495
0.142692
0.141506
0.140261
0.139062
0.143588
0.141693
0.149509
0.141113
0.146355
0.150642
0.142422
0.141416
0.139165
0.139476
0.139324
0.140292
0.141937
0.152874
0.152360
0.153129
0.152976
0.162793
0.156176
0.147149
0.149364
0.141694
0.136021
0.129870
0.129870
0.134075
0.132326
0.130882
0.128044
0.124873
0.131287
0.130852
0.135487
0.136079
0.134949
0.132829
0.129491
0.133132
0.137891
0.141522
0.133882
0.133716
0.127996
0.130617
0.138483
0.133654
0.137691
0.142720
0.148060
0.159123
0.151207
0.145285
0.147308
0.146179
0.134177
0.130347
0.126609
0.126882
0.128941
0.126183
0.125831
0.128034
0.127850
0.117953
0.116152
0.114757
0.116513
0.113606
0.113997
0.106442
0.107671
0.105208
0.114516
0.111766
0.113345
0.114943
0.126699
0.124931
0.124279
0.116018
0.112406
0.114193
0.110976
0.117946
0.111617
0.109759
0.112102
0.109580
0.115456
0.109882
0.107363
0.115848
0.115477
0.110773
0.110642
0.110642
0.104900
0.106101
0.107290
0.113890
0.113890
0.115286
0.118999
0.122217
0.116742
0.103755
0.103494
0.100943
0.107250
0.093369
0.103754
0.105433
0.105115
0.105115
0.107894
0.107085
0.103433
0.106292
0.126822
0.124388
0.133139
0.120705
0.111664
0.106340
0.106178
0.115927
0.115380
0.108084
0.114326
0.116974
0.111206
0.123163
0.122159
0.118495
0.112294
0.120057
0.123591
0.125224
0.128755
0.130572
0.131230
0.129275
0.127704
0.120021
0.118934
0.122574
0.124886
0.130483
0.131990
0.129094
0.125070
0.129094
0.121334
0.122289
0.127547
0.119493
0.119373
0.118824
0.114730
0.116190
0.118359
0.126991
0.131195
0.123834
0.129026
0.125297
0.127768
0.127768
0.132468
0.130058
0.126826
0.127793
0.126826
0.123106
0.124779
0.132633
0.133465
0.120169
0.125780
0.130302
0.136309
0.137251
0.139594
0.131327
0.135320
0.134804
0.135989
0.137764
0.135829
0.130511
0.125793
0.128235
0.119946
0.125499
0.134215
0.128680
0.135602
0.139953
0.134444
0.146732
0.146732
0.149220
0.140049
0.115781
0.105243
0.105915
0.116627
0.121152
0.119554
0.116723
0.115248
0.115248
0.122234
0.123743
0.129937
0.128843
0.131971
0.135761
0.131746
0.129488
0.131275
0.121817
0.117149
0.117006
0.117657
0.118950
0.123268
0.122567
0.123501
0.123511
0.124318
0.122790
0.123666
0.123767
0.111887
0.123767
0.124285
0.120108
0.118076
0.118184
0.125021
0.118184
0.112874
0.117026
0.117747
0.117747
0.115210
0.110991
0.113618
0.120399
0.113618
0.117498
0.121731
0.120100
0.124085
0.126156
0.127929
0.127268
0.133062
0.129854
0.126266
0.121071
0.137823
0.136978
0.130919
0.136155
0.139682
0.140521
0.138338
0.135454
0.132916
0.129254
0.131226
0.129254
0.134735
0.134472
0.135827
0.130563
0.129501
0.131753
0.132336
0.131177
0.140987
0.140453
0.141365
0.135270
0.133569
0.128741
0.137882
0.134712
0.131276
0.127878
0.117953
0.117156
0.132171
0.133847
0.137587
0.137507
0.132475
0.138585
0.138305
0.132075
0.125404
0.133710
0.123455
0.124136
0.127069
0.125349
0.132320
0.124984
0.129073
0.130838
0.124784
0.128105
0.127334
0.125786
0.123088
0.125808
0.125878
0.136389
0.136516
0.138237
0.143094
0.145466
0.144863
0.127894
0.130484
0.132452
0.145937
0.157106
0.157163
0.159325
0.151436
0.147675
0.142256
0.139802
0.137551
0.136067
0.135468
0.144322
0.133811
0.132029
0.150554
0.145940
0.152271
0.146825
0.152309
0.148951
0.137751
0.127640
0.137034
0.130771
0.132586
0.134155
0.135542
0.129521
0.129621
0.130767
0.131507
0.126948
0.126155
0.132777
0.132804
0.132432
0.133278
0.136854
0.129125
0.130727
0.134746
0.136666
0.133426
0.127856
0.126994
0.126321
0.129422
0.129435
0.141869
0.143814
0.139014
0.136945
0.131858
0.144961
0.144821
0.150935
0.149359
0.148947
0.146441
0.153544
0.162144
0.157503
0.157708
0.160698
0.152259
0.160399
0.152024
0.149735
0.140707
0.136253
0.138208
0.142971
0.143863
0.138126
0.128423
0.121953
0.132175
0.128167
0.125522
0.128156
0.127206
0.135614
0.136872
0.141171
0.141830
0.144315
0.150328
0.150651
0.147602
0.149542
0.144868
0.143901
0.146326
0.135586
0.129278
0.129288
0.127102
0.124517
0.140146
0.138033
0.142564
0.148599
0.150689
0.152336
0.155684
0.157455
0.168952
0.163266
0.164936
0.162915
0.166868
0.168908
0.169386
0.169071
0.168457
0.168249
0.162308
0.169924
0.166938
0.163306
0.162163
0.162775
0.162165
0.159847
0.157708
0.156365
0.157939
0.158152
0.161412
0.158700
0.156795
0.155898
0.154333
0.155472
0.155109
0.148004
0.151652
0.154059
0.154590
0.147921
0.151655
0.159548
0.159273
0.156373
0.149101
0.156373
0.151016
0.151055
0.148894
0.150689
0.153414
0.149744
0.149174
0.145346
0.145858
0.147317
0.149736
0.150857
0.151870
0.149312
0.146189
0.153410
0.154648
0.157003
0.159868
0.155864
0.153649
0.150060
0.142801
0.137926
0.127218
0.131360
0.131466
0.146228
0.144127
0.146585
0.145585
0.151150
0.144731
0.142204
0.139473
0.131278
0.140587
0.134995
0.137747
0.136361
0.137747
0.146806
0.137747
0.143305
0.150776
0.140349
0.140933
0.149804
0.149014
0.142946
0.141166
0.145089
0.145089
0.141718
0.133853
0.134313
0.130535
0.129098
0.140291
0.139259
0.139259
0.141511
0.148246
0.130757
0.134762
0.131685
0.139518
0.137461
0.138531
0.137992
0.135036
0.131258
0.120359
0.118931
0.122964
0.129186
0.129575
0.123501
0.131569
0.121161
0.125217
0.124530
0.114955
0.113243
0.118672
0.117175
0.122627
0.122093
0.122010
0.125605
0.122894
0.122779
0.133445
0.131230
0.126879
0.127341
0.121143
0.125708
0.113744
0.118691
0.114443
0.116715
0.114876
0.121770
0.122845
0.124157
0.123939
0.126151
0.121901
0.120595
0.118625
0.118762
0.119217
0.124772
0.124210
0.131524
0.130864
0.128689
0.126321
0.117684
0.121574
0.122409
0.118486
0.118401
0.121301
0.124752
0.123417
0.132673
0.122357
0.122507
0.127571
0.128570
0.132409
0.124448
0.127370
0.124817
0.124742
0.126924
0.127521
0.135053
0.133079
0.131505
0.127496
0.127123
0.130797
0.130098
0.133186
0.136047
0.123472
0.123947
0.116767
0.123778
0.123778
0.125707
0.124836
0.133387
0.131616
0.133472
0.135349
0.136008
0.139132
0.130964
0.138937
0.138802
0.131282
0.131406
0.136693
0.136693
0.131237
0.133760
0.133117
0.134618
0.133117
0.130488
0.136163
0.138483
0.138281
0.139312
0.135402
0.134145
0.135402
0.137838
0.139686
0.137861
0.125708
0.118758
0.120912
0.121077
0.123943
0.127055
0.124199
0.121719
0.123798
0.124768
0.119011
0.120563
0.123163
0.123975
0.129034
0.121180
0.117108
0.121180
0.124795
0.124915
0.127902
0.119773
0.119102
0.118518
0.121551
0.122882
0.124625
0.126090
0.120878
0.125979
0.124150
0.120295
0.118576
0.117337
0.116328
0.114044
0.110441
0.110087
0.107603
0.107592
0.116207
0.109706
0.106531
0.116031
0.119294
0.119294
0.116256
0.115711
0.115668
0.121852
0.119208
0.118846
0.117498
0.126397
0.128249
0.128946
0.126210
0.121228
0.119508
0.120412
0.116173
0.117698
0.116104
0.118654
0.121623
0.124284
0.126182
0.124952
0.126781
0.128581
0.130927
0.129370
0.129867
0.126935
0.125152
0.129027
0.131857
0.126400
0.131525
0.133729
0.128956
0.133822
0.137199
0.125569
0.124173
0.126408
0.126438
0.129941
0.121158
0.126567
0.127773
0.125644
0.135783
0.135794
0.132792
0.134195
0.135860
0.137719
0.138477
0.142495
0.132911
0.133903
0.124876
0.128688
0.125731
0.126001
0.129854
0.129503
0.131366
0.133807
0.132284
0.133656
0.128108
0.129703
0.126173
0.122868
0.123242
0.117592
0.118081
0.121917
0.121955
0.119514
0.120571
0.114603
0.120228
0.114603
0.115433
0.124145
0.129991
0.128145
0.124158
0.126096
0.128713
0.119531
0.119226
0.143251
0.149812
0.135686
0.132223
0.150275
0.150350
0.146906
0.146064
0.148093
0.136797
0.151138
0.150346
0.157691
0.150346
0.142873
0.133518
0.138835
0.144003
0.138829
0.132028
0.134062
0.133513
0.133279
0.137851
0.142348
0.137837
0.140792
0.133427
0.141815
0.140003
0.141512
0.117741
0.123288
0.123288
0.122010
0.115368
0.113410
0.107435
0.109919
0.110637
0.111488
0.119175
0.115960
0.118750
0.118682
0.115303
0.125076
0.116298
0.125759
0.126876
0.120574
0.118541
0.117283
0.103678
0.104474
0.108033
0.112427
0.102976
0.124048
0.114547
0.122546
0.125979
0.129397
0.127885
0.126090
0.126619
0.127566
0.131616
0.139509
0.133565
0.133877
0.131411
0.129390
0.128193
0.128753
0.127193
0.124197
0.118110
0.125205
0.114230
0.104712
0.110706
0.113109
0.110543
0.109191
0.106210
0.101919
0.110938
0.107624
0.101372
0.102735
0.104821
0.113513
0.106612
0.102799
0.106612
0.107532
0.107871
0.109993
0.102851
0.116333
0.112379
0.108425
0.108878
0.111342
0.107382
0.104783
0.107515
0.097497
0.091690
0.087268
0.084363
0.086340
0.088952
0.086625
0.090405
0.094932
0.095423
0.095923
0.100740
0.098144
0.097931
0.103666
0.095292
0.104639
0.108988
0.104483
0.110847
0.110963
0.112852
0.112860
0.112595
0.112122
0.112122
0.113561
0.114171
0.118640
0.107597
0.111184
0.116019
0.114678
0.110493
0.126018
0.124240
0.126202
0.113900
0.110990
0.125338
0.127837
0.125521
0.135713
0.130309
0.131100
0.115281
0.114574
0.110413
0.124216
0.115899
0.122136
0.113401
0.121168
0.122133
0.128815
0.121836
0.122639
0.122253
0.122088
0.125133
0.124203
0.128846
0.142088
0.127393
0.137159
0.135901
0.132782
0.135551
0.136985
0.138023
0.128428
0.128918
0.125675
0.124729
0.125691
0.122786
0.125691
0.131533
0.130387
0.123317
0.117601
0.114621
0.119082
0.122632
0.112544
0.115800
0.116250
0.122173
0.112793
0.116994
0.114011
0.115808
0.125659
0.127948
0.123846
0.115326
0.113318
0.116637
0.117004
0.116197
0.117550
0.117826
0.121396
0.125535
0.123906
0.124123
0.119318
0.127677
0.119167
0.119016
0.122023
0.114562
0.117924
0.116312
0.112729
0.110652
0.116607
0.121862
0.116376
0.115155
0.119014
0.120202
0.120742
0.128306
0.120742
0.119364
0.125196
0.124916
0.128827
0.127535
0.118729
0.117185
0.118830
0.120606
0.116638
0.115758
0.128220
0.129376
0.131607
0.130281
0.128718
0.131749
0.135736
0.133571
0.125986
0.128002
0.134608
0.131337
0.128113
0.122509
0.122509
0.129062
0.122509
0.117282
0.118114
0.115226
0.111526
0.112327
0.105434
0.108737
0.112438
0.111531
0.114896
0.114041
0.116816
0.115518
0.115056
0.114986
0.115056
0.116249
0.114678
0.113754
0.112311
0.121554
0.129063
0.131873
0.129498
0.131838
0.121271
0.128239
0.128229
0.136299
0.136191
0.142305
0.135646
0.130648
0.135484
0.141198
0.141520
0.143898
0.145023
0.145773
0.144678
0.143557
0.142005
0.141771
0.142891
0.143444
0.138351
0.136948
0.149039
0.149435
0.158390
0.162186
0.155045
0.156406
0.146899
0.155084
0.162009
0.157021
0.143953
0.136446
0.138683
0.142738
0.140354
0.147708
0.145713
0.156282
0.157684
0.160052
0.155000
0.149058
0.147561
0.151585
0.150998
0.151449
0.153339
0.153339
0.146884
0.148203
0.148577
0.148140
0.133841
0.138197
0.136984
0.139452
0.143344
0.145067
0.163404
0.161880
0.154774
0.146253
0.150921
0.153962
0.150529
0.144128
0.145255
0.135668
0.144972
0.147728
0.144458
0.147500
0.149437
0.140360
0.151625
0.154109
0.149664
0.151510
0.150361
0.146678
0.158465
0.146545
0.154502
0.157051
0.153604
0.151598
0.156134
0.156077
0.153516
0.154902
0.158427
0.159167
0.155360
0.152651
0.151872
0.154204
0.148530
0.153522
0.147843
0.147771
0.141076
0.143733
0.144164
0.140589
0.135389
0.134578
0.132259
0.138448
0.133432
0.140057
0.140440
0.144360
0.151093
0.134555
0.137089
0.121396
0.119126
0.125343
0.125135
0.126371
0.127623
0.125211
0.126048
0.122289
0.116020
0.123329
0.130925
0.127523
0.124505
0.128512
0.121320
0.114528
0.118406
0.119889
0.119161
0.125007
0.127898
0.122052
0.122087
0.129990
0.139596
0.139596
0.135449
0.134414
0.135506
0.138089
0.134421
0.124185
0.125277
0.121227
0.125889
0.120019
0.125889
0.131599
0.128804
0.131599
0.132296
0.129533
0.126308
0.116750
0.115642
0.121076
0.121937
0.121076
0.118298
0.124000
0.124828
0.124000
0.127438
0.128377
0.126086
0.128377
0.140776
0.144168
0.137466
0.135646
0.130465
0.131489
0.143434
0.150599
0.153450
0.136873
0.138716
0.143660
0.147302
0.145435
0.142320
0.139737
0.133314
0.136106
0.144580
0.142038
0.147110
0.154101
0.153015
0.153620
0.154650
0.157501
0.157206
0.164601
0.161943
0.160203
0.155689
0.155703
0.157003
0.159247
0.159247
0.154047
0.155703
0.160057
0.163904
0.161693
0.164711
0.163222
0.162425
0.163356
0.170812
0.171563
0.162499
0.160423
0.160385
0.166443
0.166323
0.168000
0.167686
0.163761
0.167358
0.177396
0.165998
0.158358
0.158894
0.162413
0.161466
0.163038
0.169601
0.158303
0.161186
0.168300
0.159812
0.152696
0.155572
0.155613
0.158184
0.167112
0.168406
0.166501
0.158330
0.164380
0.161916
0.166293
0.170587
0.168484
0.169104
0.165223
0.154966
0.155564
0.153967
0.161922
0.159568
0.160118
0.164220
0.166463
0.169532
0.173626
0.178265
0.184499
0.176582
0.171258
0.171046
0.170704
0.165780
0.168242
0.168428
0.167970
0.171510
0.170914
0.159313
0.158401
0.165141
0.165266
0.169733
0.168694
0.168236
0.167922
0.160067
0.159631
0.152832
0.146786
0.142789
0.137656
0.134242
0.139042
0.139275
0.133390
0.138873
0.146344
0.136351
0.132591
0.131691
0.131291
0.131311
0.128254
0.127837
0.137440
0.138788
0.138179
0.147409
0.148010
0.138575
0.142327
0.138799
0.139280
0.142037
0.146752
0.145339
0.145901
0.159502
0.157301
0.159082
0.156020
0.162734
0.157720
0.164695
0.165086
0.166489
0.160823
0.154298
0.160082
0.160769
0.164784
0.175473
0.165862
0.166313
0.169877
0.173762
0.172383
0.170501
0.170878
0.178470
0.175785
0.163555
0.167332
0.163555
0.159494
0.166551
0.170108
0.163715
0.163166
0.166167
0.160666
0.160216
0.164088
0.165116
0.160701
0.166643
0.164434
0.171569
0.173462
0.175751
0.185903
0.184604
0.185004
0.184319
0.182912
0.185394
0.169512
0.172583
0.164546
0.178391
0.176002
0.176871
0.179048
0.175115
0.176726
0.181739
0.179187
0.179948
0.175999
0.178954
0.176967
0.170859
0.168505
0.170165
0.168505
0.168288
0.170176
0.168667
0.164144
0.164361
0.162793
0.163801
0.157031
0.155347
0.162649
0.163895
0.160356
0.163619
0.161802
0.163189
0.163083
0.158954
0.157899
0.159902
0.162195
0.160304
0.160538
0.161292
0.156090
0.154000
0.157191
0.152801
0.149309
0.145208
0.154912
0.148953
0.152241
0.152840
0.158954
0.156618
0.152973
0.161014
0.161685
0.161612
0.159745
0.154719
0.145824
0.147534
0.141061
0.148705
0.150348
0.149643
0.148888
0.143632
0.148888
0.147014
0.153301
0.158103
0.155272
0.158103
0.164511
0.165331
0.170174
0.171668
0.164693
0.162446
0.158620
0.144836
0.144773
0.149428
0.152732
0.148016
0.141206
0.149719
0.146669
0.152004
0.152014
0.154042
0.155127
0.152160
0.153291
0.156420
0.151272
0.148724
0.154709
0.162413
0.164295
0.171729
0.167130
0.175032
0.171068
0.174623
0.162510
0.162186
0.160308
0.167161
0.163253
0.163237
0.147767
0.145204
0.152298
0.146645
0.144527
0.146362
0.139632
0.147970
0.140100
0.138157
0.126791
0.129707
0.139614
0.137480
0.128632
0.118364
0.123647
0.123647
0.125192
0.124674
0.124971
0.129758
0.131436
0.135281
0.136154
0.144139
0.144139
0.143951
0.140816
0.143518
0.138132
0.138132
0.144877
0.150871
0.148509
0.149856
0.143065
0.135228
0.137384
0.136864
0.137794
0.137794
0.131388
0.142048
0.142628
0.138980
0.135381
0.139209
0.138395
0.140240
0.144538
0.145331
0.133773
0.132591
0.133496
0.134981
0.126361
0.134196
0.134836
0.131861
0.124394
0.119440
0.119474
0.116588
0.115377
0.115695
0.115541
0.114490
0.115541
0.107606
0.110881
0.106892
0.113365
0.103445
0.102027
0.109634
0.108595
0.111697
0.111634
0.114792
0.115083
0.118791
0.126650
0.127864
0.130517
0.126793
0.129669
0.133287
0.135387
0.131745
0.130770
0.124886
0.128998
0.123948
0.120350
0.126113
0.130416
0.127815
0.132219
0.129985
0.132071
0.127707
0.129545
0.127278
0.125702
0.122911
0.121305
0.121149
0.118938
0.120469
0.126686
0.124048
0.127119
0.134450
0.132521
0.134679
0.132811
0.134247
0.123650
0.130146
0.130903
0.121413
0.127492
0.124364
0.124083
0.124388
0.114499
0.114047
0.107021
0.105458
0.105150
0.109534
0.119831
0.125065
0.128949
0.128546
0.127358
0.123094
0.126542
0.123682
0.122693
0.117111
0.125386
0.120880
0.121582
0.127332
0.120834
0.122341
0.112259
0.104517
0.100425
0.110486
0.110585
0.108730
0.102920
0.098708
0.101744
0.104877
0.102892
0.105310
0.108310
0.092583
0.096621
0.105245
0.106903
0.108717
0.107328
0.106388
0.112011
0.117523
0.114924
0.105098
0.114247
0.109768
0.104244
0.108711
0.097029
0.099441
0.097029
0.094834
0.094980
0.091868
0.092099
0.088302
0.091302
0.093777
0.099454
0.097984
0.099646
0.100787
0.098913
0.099889
0.116524
0.114360
0.123613
0.124397
0.110160
0.112548
0.115184
0.107295
0.105668
0.109219
0.109564
0.108229
0.108343
0.108229
0.108849
0.106639
0.108359
0.108057
0.114387
0.119486
0.114368
0.113426
0.113426
0.106682
0.102957
0.105104
0.104500
0.103692
0.099807
0.099541
0.111985
0.113131
0.105696
0.107256
0.103482
0.105707
0.103253
0.105384
0.108545
0.103740
0.107355
0.102113
0.103623
0.099785
0.100678
0.099957
0.100381
0.104704
0.099524
0.096267
0.105173
0.108046
0.107001
0.104376
0.103829
0.103222
0.097864
0.101845
0.111970
0.102674
0.103023
0.105863
0.111378
0.115256
0.116222
0.111211
0.117188
0.123819
0.125145
0.124290
0.120642
0.122351
0.130984
0.131372
0.131856
0.136947
0.142806
0.144312
0.139162
0.144972
0.151852
0.148915
0.153278
0.158187
0.156464
0.148007
0.142443
0.138493
0.133289
0.124221
0.126137
0.136724
0.142727
0.146958
0.137491
0.139972
0.135977
0.137447
0.138462
0.139763
0.138520
0.140067
0.138814
0.139348
0.140105
0.137187
0.133246
0.134898
0.127151
0.127576
0.138603
0.132553
0.128830
0.128830
0.127655
0.134633
0.134332
0.136998
0.135904
0.141966
0.134910
0.129345
0.133540
0.127201
0.122168
0.122524
0.121289
0.124818
0.126229
0.122999
0.114852
0.119301
0.116160
0.121170
0.133784
0.125812
0.119447
0.117588
0.123421
0.124709
0.115813
0.111808
0.110296
0.112620
0.120615
0.117622
0.119105
0.125531
0.134515
0.133742
0.135850
0.142463
0.137621
0.134796
0.141764
0.141975
0.136608
0.132051
0.125397
0.125849
0.123231
0.122053
0.120832
0.125030
0.126532
0.122253
0.129570
0.125575
0.123706
0.120437
0.122966
0.109973
0.115231
0.113237
0.122415
0.113496
0.111450
0.113496
0.125803
0.120829
0.130525
0.130525
0.133492
0.131589
0.133492
0.132492
0.132590
0.132744
0.132753
0.137122
0.132201
0.131691
0.132763
0.130434
0.131433
0.119584
0.114700
0.113847
0.114564
0.112175
0.114917
0.112811
0.114881
0.112220
0.119575
0.111075
0.119575
0.122213
0.119575
0.120194
0.121960
0.121080
0.116950
0.114801
0.108880
0.107371
0.107549
0.107985
0.099463
0.096993
0.097621
0.097306
0.097300
0.102759
0.103025
0.098386
0.100596
0.102508
0.099070
0.103128
0.113166
0.122568
0.121754
0.122206
0.119858
0.106904
0.118847
0.115089
0.119492
0.108624
0.108557
0.110986
0.108612
0.111087
0.104276
0.104499
0.103736
0.115635
0.113439
0.116783
0.115773
0.113065
0.113907
0.113065
0.121199
0.121477
0.123083
0.115473
0.120393
0.113750
0.111095
0.112693
0.117477
0.112081
0.123867
0.119021
0.118965
0.124670
0.118798
0.115523
0.115751
0.118398
0.121156
0.116766
0.110864
0.107683
0.107285
0.110347
0.119464
0.119512
0.117853
0.119053
0.124555
0.126779
0.126579
0.127654
0.105969
0.101028
0.107266
0.114674
0.107266
0.104707
0.100447
0.100769
0.101173
0.104881
0.108462
0.120131
0.121667
0.118311
0.124451
0.114339
0.117868
0.113785
0.112711
0.120586
0.120649
0.128830
0.127662
0.119356
0.119323
0.114970
0.119777
0.116565
0.127799
0.127313
0.125086
0.124384
0.127916
0.125784
0.130284
0.121551
0.126263
0.121978
0.127772
0.129541
0.126705
0.128834
0.127658
0.123096
0.121750
0.123743
0.121791
0.121384
0.117316
0.116766
0.112237
0.122807
0.109964
0.112756
0.114043
0.115034
0.114080
0.112345
0.111903
0.112953
0.111130
0.113871
0.109427
0.103760
0.114151
0.108368
0.112544
0.114039
0.111613
0.114183
0.118306
0.117242
0.116512
0.114111
0.108764
0.107840
0.107400
0.104112
0.104552
0.105778
0.104493
0.102773
0.108370
0.105723
0.102846
0.102797
0.103250
0.101646
0.096584
0.099323
0.104649
0.105124
0.107972
0.104675
0.118301
0.119669
0.118019
0.116094
0.116345
0.113337
0.117459
0.121626
0.120181
0.122494
0.120988
0.116803
0.116803
0.114900
0.114503
0.116897
0.119991
0.116897
0.117385
0.116159
0.120560
0.118335
0.113565
0.108624
0.114279
0.115336
0.111383
0.114495
0.110714
0.114552
0.119989
0.118058
0.122252
0.121993
0.129210
0.126007
0.125903
0.129995
0.126748
0.135899
0.143049
0.148015
0.144383
0.140195
0.135251
0.135251
0.133417
0.122004
0.126433
0.126142
0.125111
0.121490
0.120265
0.121188
0.131519
0.124955
0.127858
0.133983
0.139319
0.134657
0.135278
0.137600
0.134504
0.132190
0.134248
0.133729
0.139432
0.134827
0.135649
0.139094
0.142576
0.142251
0.144214
0.143568
0.141016
0.137920
0.131409
0.126299
0.125965
0.133165
0.129945
0.130642
0.124331
0.122336
0.131398
0.130818
0.133741
0.132349
0.134777
0.130099
0.128021
0.131365
0.131972
0.112982
0.113364
0.124485
0.125627
0.128232
0.124018
0.120587
0.115114
0.119212
0.115114
0.117819
0.114931
0.114487
0.112561
0.108193
0.113139
0.120633
0.118057
0.118878
0.120238
0.120338
0.117683
0.122143
0.124205
0.124296
0.124996
0.122307
0.122307
0.122874
0.119428
0.122955
0.118399
0.113182
0.116407
0.122769
0.122689
0.124963
0.127737
0.124963
0.121738
0.123748
0.124977
0.114933
0.115617
0.109328
0.112575
0.116026
0.116127
0.114579
0.110371
0.101589
0.106963
0.107224
0.113419
0.106717
0.100477
0.101848
0.114653
0.113585
0.117023
0.111576
0.117745
0.118538
0.112437
0.112437
0.114619
0.101522
0.098298
0.105106
0.105106
0.102921
0.099894
0.100150
0.094244
0.099271
0.091754
0.099347
0.107117
0.109294
0.113253
0.113887
0.115075
0.114906
0.110607
0.113023
0.112524
0.112121
0.106025
0.102124
0.092045
0.088569
0.099824
0.097812
0.097674
0.105610
0.106922
0.109804
0.107468
0.109212
0.104474
0.107237
0.103477
0.104376
0.106531
0.103709
0.105344
0.098512
0.103057
0.102693
0.105425
0.108629
0.110912
0.106636
0.116459
0.117862
0.115719
0.116804
0.105258
0.106185
0.105617
0.121654
0.115175
0.113813
0.116591
0.114440
0.129679
0.126942
0.133829
0.135245
0.145850
0.142089
0.141598
0.145200
0.139670
0.136014
0.136993
0.139291
0.138685
0.132095
0.123064
0.135447
0.135647
0.129558
0.131787
0.132720
0.131587
0.130510
0.132334
0.130015
0.130325
0.126415
0.129553
0.129569
0.124211
0.126237
0.123521
0.121681
0.125844
0.132243
0.131311
0.129028
0.130358
0.128945
0.123269
0.121293
0.130720
0.117255
0.121359
0.120437
0.133285
0.126368
0.124159
0.116833
0.116325
0.116206
0.116615
0.118859
0.116615
0.119682
0.121395
0.127116
0.128459
0.126750
0.107990
0.116236
0.118562
0.111713
0.107068
0.107926
0.102771
0.098527
0.101328
0.102118
0.100353
0.107918
0.106626
0.107489
0.112586
0.117114
0.111348
0.110357
0.116434
0.118601
0.116221
0.117865
0.119891
0.117103
0.122950
0.109457
0.109101
0.115673
0.115752
0.123296
0.121575
0.119778
0.115931
0.129273
0.130379
0.135821
0.131907
0.133773
0.127386
0.136668
0.138981
0.135197
0.135197
0.134389
0.138950
0.141759
0.141759
0.134686
0.139230
0.139863
0.144826
0.147042
0.140357
0.138092
0.132815
0.126693
0.130169
0.124254
0.119864
0.136404
0.138062
0.135889
0.134024
0.136236
0.136236
0.139424
0.138620
0.139342
0.141360
0.135736
0.135263
0.145516
0.145261
0.143049
0.140880
0.141343
0.135639
0.132430
0.126793
0.121430
0.122922
0.137371
0.136208
0.133855
0.134970
0.133959
0.131870
0.133834
0.133414
0.140252
0.136678
0.135059
0.143449
0.145522
0.142322
0.144064
0.147630
0.132886
0.133762
0.126986
0.125887
0.126172
0.128208
0.114094
0.109827
0.117690
0.120961
0.114901
0.120775
0.118263
0.123670
0.119042
0.123670
0.123868
0.123428
0.122020
0.126098
0.122551
0.127098
0.122776
0.120169
0.127534
0.112277
0.116570
0.122650
0.128797
0.128797
0.128021
0.135922
0.134454
0.137674
0.128229
0.127153
0.130999
0.130779
0.127283
0.126894
0.117201
0.123718
0.118381
0.122010
0.117116
0.119013
0.120833
0.124506
0.115962
0.118520
0.116939
0.118114
0.114722
0.113649
0.113217
0.107232
0.112604
0.115365
0.126632
0.117292
0.119939
0.113124
0.111209
0.114466
0.116617
0.116984
0.112920
0.117593
0.119783
0.118789
0.114186
0.112896
0.107092
0.111630
0.109610
0.107505
0.107189
0.107088
0.115887
0.116778
0.121563
0.120493
0.124715
0.134600
0.131106
0.134572
0.131106
0.131476
0.128186
0.123071
0.126403
0.119676
0.121523
0.115826
0.112130
0.119298
0.112482
0.109351
0.112482
0.113961
0.108272
0.105849
0.115790
0.120988
0.117947
0.122321
0.122502
0.123827
0.125794
0.123827
0.122189
0.118108
0.114839
0.117233
0.127773
0.128377
0.128341
0.130190
0.130190
0.131099
0.131721
0.134892
0.128044
0.130901
0.132243
0.135805
0.130886
0.128404
0.127804
0.128883
0.129095
0.138679
0.143567
0.143567
0.141675
0.141675
0.142888
0.140525
0.129521
0.129961
0.131537
0.132379
0.133904
0.127690
0.130192
0.137168
0.137168
0.144117
0.143094
0.136368
0.142861
0.136707
0.137703
0.140278
0.145249
0.131851
0.139509
0.137666
0.140233
0.133541
0.130842
0.127586
0.121529
0.117971
0.116265
0.118404
0.118404
0.115931
0.131800
0.119562
0.123373
0.125664
0.133963
0.133461
0.136581
0.138263
0.136698
0.141197
0.144842
0.138442
0.138068
0.133821
0.137791
0.136924
0.140336
0.134711
0.136108
0.137327
0.136073
0.133553
0.130888
0.142404
0.138886
0.137999
0.130670
0.130221
0.130968
0.139763
0.145821
0.144240
0.143536
0.144969
0.141476
0.146134
0.145235
0.145235
0.147334
0.141906
0.139432
0.140393
0.142371
0.142371
0.132185
0.133914
0.130319
0.137747
0.135205
0.140424
0.125154
0.123247
0.124029
0.119295
0.121990
0.125236
0.122230
0.121999
0.121830
0.120017
0.119264
0.126978
0.125687
0.118620
0.120352
0.121808
0.130689
0.129574
0.120694
0.122120
0.126921
0.126542
0.126927
0.128392
0.132683
0.137859
0.141028
0.149832
0.146906
0.143844
0.138402
0.139178
0.144033
0.144637
0.134525
0.136028
0.138553
0.132423
0.128585
0.132847
0.127652
0.131193
0.142098
0.138244
0.128884
0.132205
0.132391
0.130620
0.131983
0.127563
0.134997
0.134150
0.127389
0.121935
0.129153
0.130237
0.125518
0.130758
0.132173
0.133361
0.129459
0.137298
0.143613
0.137292
0.142992
0.145970
0.140284
0.130256
0.125330
0.122011
0.113546
0.117372
0.119197
0.108263
0.102673
0.105591
0.105504
0.111302
0.114681
0.112548
0.108118
0.102357
0.114155
0.111275
0.104318
0.104677
0.109846
0.117233
0.120266
0.119205
0.123257
0.122580
0.128206
0.128134
0.126413
0.125980
0.128060
0.128116
0.122668
0.124765
0.122154
0.117971
0.117610
0.126738
0.129331
0.128162
0.131019
0.141499
0.133934
0.133500
0.129817
0.131978
0.125724
0.133251
0.133251
0.137881
0.141362
0.145996
0.145996
0.144731
0.148857
0.145513
0.139233
0.138147
0.137698
0.140149
0.134090
0.135497
0.131152
0.133502
0.132759
0.135014
0.129210
0.131365
0.134445
0.130951
0.125746
0.118980
0.121787
0.116151
0.113117
0.114242
0.118973
0.121139
0.126379
0.122248
0.127222
0.127706
0.130619
0.124508
0.125058
0.131809
0.133571
0.132590
0.130188
0.132145
0.128069
0.121285
0.122164
0.134812
0.138381
0.136016
0.128595
0.129906
0.131992
0.132693
0.131589
0.137543
0.137516
0.126720
0.127552
0.129535
0.122311
0.119193
0.111308
0.117370
0.111889
0.108700
0.110307
0.113533
0.125102
0.120562
0.121595
0.117320
0.126218
0.125862
0.126014
0.124755
0.122557
0.111915
0.115870
0.112948
0.105918
0.105638
0.103713
0.108056
0.108047
0.102643
0.114570
0.114394
0.114570
0.114570
0.118957
0.116628
0.116060
0.105957
0.103350
0.102534
0.107963
0.110682
0.114938
0.115433
0.115698
0.111056
0.112994
0.125504
0.124017
0.128020
0.133998
0.134670
0.141209
0.129997
0.130855
0.131671
0.127526
0.129290
0.127711
0.124333
0.118369
0.116421
0.123928
0.115228
0.116703
0.121265
0.126584
0.138807
0.138807
0.133964
0.135124
0.137091
0.131213
0.125247
0.125178
0.118612
0.117290
0.118954
0.109959
0.106210
0.103021
0.101439
0.105608
0.103931
0.103931
0.104425
0.103603
0.104425
0.103603
0.105234
0.110076
0.106224
0.105602
0.106183
0.101324
0.105603
0.099549
0.105181
0.109579
0.108538
0.105891
0.108050
0.114835
0.121944
0.116636
0.113230
0.114809
0.125134
0.127578
0.119287
0.115653
0.112284
0.107940
0.109022
0.115085
0.114771
0.117533
0.123237
0.126399
0.114874
0.112958
0.112538
0.114531
0.119172
0.114254
0.117557
0.120961
0.124334
0.133076
0.123454
0.119993
0.134005
0.137350
0.134995
0.123481
0.134995
0.135509
0.124580
0.126377
0.130295
0.136718
0.139176
0.139223
0.132901
0.133820
0.127811
0.131103
0.134380
0.130198
0.127402
0.131423
0.127845
0.134398
0.135881
0.131103
0.128112
0.127617
0.125286
0.117300
0.117460
0.123004
0.121907
0.126059
0.128054
0.133143
0.134723
0.130619
0.127911
0.125842
0.116161
0.117868
0.117984
0.112775
0.117547
0.127523
0.124000
0.116401
0.119306
0.118740
0.120470
0.118365
0.115469
0.124499
0.117073
0.124020
0.123290
0.120515
0.116217
0.115126
0.110692
0.112626
0.121035
0.129227
0.128132
0.123129
0.113097
0.111361
0.119288
0.122369
0.125157
0.126604
0.132214
0.132024
0.135417
0.132939
0.131418
0.132907
0.136711
0.136740
0.136825
0.136597
0.140242
0.140611
0.126316
0.126009
0.121557
0.138476
0.137091
0.139517
0.138793
0.135257
0.135098
0.135438
0.132429
0.129506
0.125688
0.125338
0.124825
0.126414
0.122909
0.124281
0.125583
0.126946
0.125017
0.120150
0.125517
0.126927
0.135101
0.135872
0.134642
0.133536
0.134798
0.139919
0.142291
0.145146
0.142694
0.139446
0.137398
0.139235
0.139432
0.139117
0.146228
0.142179
0.142179
0.142991
0.146513
0.138561
0.136776
0.134288
0.145582
0.136569
0.137502
0.139657
0.148031
0.143949
0.149389
0.147147
0.139245
0.138976
0.132212
0.135722
0.124661
0.127544
0.124112
0.126260
0.125622
0.127569
0.128829
0.122791
0.124808
0.125727
0.133994
0.134421
0.132343
0.126227
0.132673
0.140409
0.135355
0.132352
0.142843
0.139061
0.140344
0.133261
0.134635
0.136320
0.135656
0.128305
0.128440
0.128305
0.126312
0.125520
0.128323
0.139644
0.145031
0.141752
0.144700
0.137821
0.124557
0.120709
0.126020
0.128570
0.128949
0.124654
0.122604
0.131808
0.128735
0.126113
0.129838
0.134288
0.137625
0.132579
0.120160
0.132497
0.133364
0.128029
0.134592
0.129810
0.128857
0.128718
0.125126
0.131954
0.137055
0.135211
0.130850
0.133084
0.129280
0.127383
0.124810
0.122180
0.127922
0.130532
0.123704
0.129139
0.128942
0.130291
0.118570
0.116000
0.111986
0.117744
0.123954
0.126037
0.127786
0.133772
0.134318
0.134318
0.132897
0.132865
0.134038
0.133618
0.132158
0.135441
0.134484
0.135125
0.142164
0.129267
0.131453
0.127889
0.137364
0.139148
0.139470
0.141791
0.139470
0.130448
0.133960
0.135068
0.135260
0.131604
0.131372
0.130313
0.128998
0.131080
0.126175
0.128155
0.123057
0.115545
0.109599
0.109546
0.100456
0.095965
0.101177
0.116116
0.116655
0.105990
0.100051
0.110401
0.111398
0.110199
0.126950
0.125823
0.125298
0.115821
0.118318
0.122659
0.112545
0.102350
0.100197
0.092715
0.092885
0.090556
0.091682
0.089989
0.090050
0.097311
0.102773
0.102505
0.101710
0.099957
0.094625
0.094122
0.083582
0.084851
0.090035
0.082748
0.083639
0.080482
0.075722
0.080482
0.071861
0.081672
0.083812
0.083883
0.085593
0.083578
0.073089
0.073089
0.071730
0.070184
0.077772
0.074402
0.088958
0.087103
0.092778
0.098648
0.099095
0.099446
0.104865
0.100619
0.102267
0.104246
0.116098
0.115539
0.116732
0.118662
0.122980
0.121660
0.134176
0.131957
0.124993
0.109258
0.111262
0.102070
0.100788
0.098101
0.105652
0.116066
0.107165
0.119557
0.118672
0.120928
0.123680
0.122646
0.122646
0.107734
0.113475
0.107734
0.112513
0.110651
0.116698
0.112219
0.098748
0.094682
0.098748
0.094042
0.105289
0.102053
0.101557
0.101773
0.098041
0.087710
0.093530
0.091166
0.097160
0.094947
0.097160
0.097929
0.099024
0.096681
0.110405
0.112159
0.117245
0.116078
0.112831
0.107850
0.108121
0.108422
0.111259
0.105738
0.104288
0.101667
0.102517
0.091900
0.101037
0.097313
0.098424
0.093499
0.097398
0.107701
0.107256
0.105508
0.112415
0.112415
0.101683
0.102282
0.098878
0.101422
0.102956
0.095230
0.099331
0.103106
0.101997
0.103658
0.102345
0.101087
0.101029
0.118155
0.109208
0.105250
0.108786
0.105396
0.104893
0.103337
0.088996
0.084069
0.090439
0.083286
0.092029
0.085385
0.087066
0.098514
0.097923
0.100995
0.102406
0.100362
0.103952
0.102667
0.107287
0.105942
0.111016
0.098957
0.107246
0.113350
0.118618
0.115736
0.118310
0.120540
0.107941
0.105589
0.094745
0.100290
0.113764
0.119684
0.119884
0.123086
0.120215
0.122244
0.114703
0.119111
0.116217
0.115675
0.113360
0.121459
0.122956
0.120842
0.120691
0.117651
0.120438
0.116140
0.124043
0.119972
0.119562
0.121093
0.125692
0.123837
0.118233
0.117002
0.118905
0.116322
0.118567
0.119171
0.118020
0.114534
0.115669
0.116609
0.111976
0.118691
0.119587
0.120735
0.131833
0.133736
0.140358
0.142678
0.144861
0.155775
0.155775
0.156233
0.156796
0.160429
0.156262
0.154684
0.157157
0.157123
0.144210
0.147505
0.147792
0.149131
0.150417
0.148957
0.150417
0.148475
0.143921
0.139536
0.140385
0.131901
0.135588
0.136596
0.143141
0.148441
0.156058
0.145138
0.154908
0.146128
0.154908
0.146128
0.153700
0.158123
0.148962
0.156087
0.158221
0.148395
0.148096
0.145469
0.152160
0.154217
0.152051
0.155046
0.160906
0.151861
0.152064
0.154773
0.137000
0.131669
0.136600
0.129993
0.127018
0.124464
0.124046
0.126600
0.127819
0.127308
0.132408
0.128178
0.133029
0.132078
0.131861
0.129107
0.140735
0.138699
0.132180
0.123171
0.123757
0.125750
0.134287
0.132433
0.135815
0.124014
0.119026
0.121940
0.136936
0.129587
0.126575
0.130467
0.128883
0.131992
0.123262
0.118405
0.123061
0.120899
0.126246
0.122405
0.118905
0.114061
0.111260
0.113058
0.114467
0.119969
0.121231
0.122662
0.117057
0.117178
0.119799
0.109403
0.112388
0.113179
0.115231
0.122602
0.118512
0.110721
0.112214
0.111346
0.108543
0.115513
0.114569
0.117722
0.118256
0.123401
0.122056
0.120693
0.120494
0.115243
0.104175
0.106496
0.108611
0.112222
0.109809
0.110191
0.114035
0.111164
0.109027
0.110850
0.114439
0.110791
0.115177
0.118024
0.113822
0.115383
0.109968
0.113709
0.113709
0.117869
0.109354
0.119048
0.112230
0.107296
0.108814
0.105887
0.117586
0.114271
0.109567
0.104166
0.102993
0.102881
0.103035
0.100979
0.101569
0.100711
0.100868
0.103113
0.102207
0.104328
0.112575
0.122696
0.112575
0.114029
0.117298
0.130282
0.137875
0.133852
0.132477
0.129544
0.127524
0.129673
0.119867
0.117255
0.115629
0.115114
0.110206
0.108450
0.112078
0.109705
0.123603
0.123834
0.121167
0.126468
0.129463
0.130873
0.124764
0.117932
0.113659
0.118326
0.115560
0.112217
0.110726
0.110506
0.110553
0.107900
0.116548
0.113991
0.112005
0.109152
0.122301
0.119451
0.119638
0.120171
0.112333
0.117070
0.120638
0.118245
0.127285
0.126314
0.117347
0.114489
0.121495
0.114232
0.109721
0.102026
0.099395
0.101258
0.097800
0.095903
0.097701
0.097252
0.091654
0.093101
0.096818
0.098951
0.107560
0.112560
0.115343
0.105139
0.116075
0.122359
0.130600
0.130977
0.132492
0.135372
0.141171
0.138245
0.131492
0.138785
0.142131
0.146249
0.146123
0.155149
0.159348
0.151651
0.151707
0.149948
0.159757
0.159430
0.160812
0.156136
0.151274
0.147344
0.147792
0.151578
0.144974
0.143876
0.148986
0.144764
0.144764
0.142559
0.142559
0.138729
0.142946
0.144119
0.148431
0.159158
0.160149
0.152591
0.154196
0.150645
0.146922
0.140057
0.139256
0.133208
0.136189
0.134067
0.125163
0.128417
0.130347
0.129459
0.137607
0.145708
0.132971
0.141688
0.133294
0.135812
0.140869
0.136928
0.140921
0.134451
0.139825
0.139846
0.140679
0.146810
0.138129
0.133619
0.129700
0.123384
0.125141
0.128121
0.127942
0.129891
0.128235
0.129479
0.131234
0.123541
0.125076
0.124780
0.124780
0.128053
0.127964
0.129018
0.142016
0.134133
0.128355
0.133195
0.132208
0.137970
0.127742
0.134166
0.126659
0.120261
0.133458
0.135490
0.134349
0.137215
0.144601
0.139868
0.137398
0.144792
0.144104
0.141189
0.137475
0.139076
0.136687
0.145913
0.143714
0.128404
0.129108
0.135426
0.140715
0.141723
0.136215
0.130395
0.124956
0.128156
0.136136
0.132519
0.134060
0.128794
0.137155
0.133504
0.128360
0.134241
0.127505
0.128107
0.124491
0.125794
0.112244
0.114998
0.120665
0.122129
0.120188
0.129677
0.131693
0.128169
0.130908
0.132733
0.130723
0.133623
0.132563
0.132202
0.118942
0.119084
0.117421
0.113393
0.107238
0.107470
0.104386
0.104986
0.108145
0.121121
0.120146
0.129381
0.131301
0.127214
0.119332
0.116548
0.115145
0.114461
0.109663
0.106473
0.105905
0.106070
0.108047
0.110587
0.111911
0.120397
0.112992
0.127656
0.123640
0.113220
0.119438
0.121645
0.122281
0.119803
0.120855
0.121424
0.117829
0.118575
0.115812
0.121774
0.123443
0.122244
0.122212
0.117283
0.116782
0.117283
0.114626
0.113299
0.121850
0.119225
0.121706
0.124340
0.126589
0.127926
0.122710
0.122604
0.122710
0.118286
0.114382
0.116511
0.106986
0.112948
0.114556
0.109852
0.117585
0.113025
0.116419
0.120218
0.118439
0.117878
0.119746
0.118038
0.125955
0.125750
0.133587
0.132174
0.132697
0.126624
0.125436
0.129468
0.129350
0.125380
0.124207
0.124161
0.119072
0.117102
0.112114
0.113945
0.121637
0.121412
0.121850
0.124886
0.127507
0.128270
0.125443
0.123990
0.128827
0.123906
0.126216
0.126336
0.128524
0.119766
0.123994
0.120321
0.114402
0.111716
0.118301
0.114498
0.114498
0.107117
0.109261
0.109261
0.111168
0.109362
0.111863
0.103553
0.107217
0.112623
0.115580
0.120734
0.116775
0.109502
0.114400
0.116326
0.118738
0.113596
0.117704
0.118328
0.120862
0.118951
0.114450
0.116002
0.115172
0.118219
0.118439
0.110878
0.107781
0.111084
0.107781
0.104247
0.104247
0.108950
0.103522
0.099638
0.098124
0.104101
0.108715
0.108366
0.109118
0.104776
0.095987
0.100297
0.104615
0.109081
0.108280
0.105046
0.101391
0.103468
0.098100
0.103871
0.108614
0.108862
0.106538
0.101868
0.097050
0.079569
0.085729
0.083544
0.094940
0.097639
0.099521
0.099427
0.088673
0.090410
0.103486
0.103539
0.105413
0.102057
0.096966
0.098635
0.098303
0.101332
0.099158
0.104579
0.105887
0.111814
0.107972
0.110298
0.113780
0.116101
0.117697
0.118735
0.119377
0.119225
0.120731
0.122385
0.126244
0.130933
0.124707
0.125272
0.121745
0.118393
0.116221
0.110892
0.104884
0.106882
0.111531
0.116391
0.116488
0.121839
0.124608
0.127658
0.122083
0.121871
0.117192
0.112792
0.118383
0.124062
0.125819
0.119031
0.119316
0.122825
0.133830
0.127950
0.126633
0.137936
0.142004
0.130807
0.120536
0.119781
0.119983
0.122505
0.120228
0.120439
0.118985
0.106172
0.104789
0.110291
0.120256
0.120969
0.111532
0.108355
0.109778
0.113444
0.120244
0.121460
0.121460
0.118253
0.121883
0.126282
0.126701
0.129532
0.122129
0.118967
0.121439
0.124947
0.121283
0.127326
0.138311
0.133973
0.121375
0.125725
0.129040
0.129509
0.128932
0.128719
0.126222
0.125065
0.122527
0.121999
0.130439
0.132732
0.138940
0.130111
0.123978
0.125835
0.131479
0.132847
0.134638
0.137112
0.132185
0.136328
0.137128
0.141267
0.143008
0.134528
0.133676
0.140725
0.146069
0.141380
0.139091
0.135126
0.129376
0.138276
0.139638
0.137188
0.138254
0.144118
0.150832
0.147504
0.150063
0.149689
0.143782
0.142347
0.140392
0.138677
0.139591
0.140572
0.146728
0.150004
0.143220
0.137877
0.137355
0.143614
0.142680
0.146665
0.149731
0.152440
0.149353
0.143127
0.142620
0.145420
0.150659
0.152632
0.145799
0.142587
0.157079
0.158420
0.155937
0.150001
0.154539
0.146155
0.133027
0.132475
0.132335
0.137718
0.132542
0.133104
0.128904
0.130161
0.126380
0.124641
0.119019
0.124107
0.125813
0.128727
0.128108
0.137344
0.136553
0.141858
0.142515
0.148783
0.145182
0.138570
0.142417
0.143036
0.137914
0.138431
0.143389
0.144905
0.146639
0.156306
0.151712
0.141460
0.143656
0.146327
0.139954
0.140328
0.143350
0.148093
0.152336
0.158454
0.155710
0.154829
0.142221
0.150770
0.142221
0.149546
0.145895
0.152038
0.144994
0.148427
0.137391
0.140150
0.142960
0.138809
0.137539
0.143712
0.137740
0.143712
0.143411
0.142122
0.139632
0.139632
0.140194
0.142980
0.137502
0.137175
0.131872
0.140472
0.142876
0.148510
0.139517
0.137575
0.136031
0.132736
0.133032
0.136074
0.136724
0.138207
0.146326
0.147258
0.144480
0.149730
0.144685
0.149730
0.149437
0.150881
0.139367
0.135602
0.135046
0.143198
0.141420
0.133216
0.143686
0.139798
0.140031
0.138167
0.135058
0.129078
0.131323
0.134515
0.134515
0.140697
0.145257
0.147530
0.149880
0.151559
0.154284
0.147606
0.140413
0.142492
0.143260
0.135066
0.143260
0.141420
0.151244
0.137911
0.127675
0.131373
0.130137
0.133145
0.131345
0.122976
0.122928
0.123738
0.122437
0.123096
0.120040
0.120379
0.118104
0.120206
0.120206
0.122064
0.126122
0.120862
0.114042
0.111383
0.114856
0.118857
0.121218
0.118857
0.122645
0.129685
0.131457
0.123955
0.123317
0.121269
0.118151
0.117498
0.119455
0.133124
0.134567
0.136066
0.140400
0.142528
0.146438
0.145417
0.143642
0.144646
0.140287
0.140287
0.135819
0.140251
0.143983
0.144270
0.139849
0.145077
0.146050
0.146050
0.144090
0.139927
0.146311
0.139602
0.131664
0.130001
0.131024
0.146031
0.137118
0.141587
0.153600
0.143508
0.137472
0.133155
0.125732
0.127923
0.113971
0.110382
0.111636
0.108459
0.119122
0.129983
0.132986
0.133174
0.132206
0.124372
0.132206
0.137821
0.137821
0.136139
0.138764
0.139450
0.144893
0.143211
0.149430
0.150586
0.148766
0.150586
0.141016
0.141341
0.143052
0.146254
0.146679
0.147266
0.147388
0.145593
0.143604
0.146382
0.152737
0.152137
0.142932
0.142932
0.142042
0.146380
0.142293
0.142293
0.140492
0.125616
0.125108
0.132174
0.129802
0.120465
0.123995
0.126496
0.122937
0.121152
0.123935
0.123846
0.123748
0.113708
0.119346
0.121589
0.124528
0.128148
0.131523
0.131763
0.138787
0.138277
0.132701
0.138307
0.133015
0.129592
0.128237
0.128580
0.123419
0.130980
0.137427
0.140432
0.142414
0.137818
0.148532
0.150162
0.147509
0.144495
0.141179
0.152347
0.149167
0.149167
0.147374
0.151643
0.151293
0.147861
0.150264
0.152231
0.144612
0.148892
0.144061
0.146032
0.136313
0.143373
0.153754
0.153754
0.157426
0.160877
0.154433
0.161379
0.162303
0.160769
0.167575
0.158336
0.158016
0.160633
0.156390
0.155171
0.146857
0.155171
0.148030
0.144754
0.144288
0.150922
0.148153
0.149710
0.144319
0.144622
0.140643
0.148309
0.149516
0.147205
0.152213
0.156563
0.163465
0.169555
0.159620
0.143001
0.145626
0.145603
0.145205
0.150353
0.151170
0.148030
0.141334
0.142056
0.141594
0.140058
0.151586
0.152559
0.150642
0.154310
0.158668
0.154286
0.156601
0.153174
0.158110
0.147461
0.147894
0.151480
0.148046
0.133989
0.134489
0.136910
0.144840
0.154811
0.154129
0.146958
0.146130
0.149558
0.142754
0.136880
0.138532
0.135896
0.134389
0.128683
0.126549
0.132966
0.139815
0.138076
0.141055
0.141137
0.134106
0.130557
0.131065
0.135109
0.140581
0.146331
0.150888
0.156525
0.149106
0.151978
0.149716
0.149716
0.156542
0.157312
0.147303
0.143312
0.141270
0.158224
0.158976
0.151415
0.147749
0.147956
0.141254
0.139452
0.140129
0.138899
0.138686
0.134773
0.130153
0.134703
0.136617
0.131358
0.140535
0.144414
0.135537
0.139533
0.142696
0.143549
0.144978
0.144125
0.157106
0.159251
0.162472
0.161338
0.160208
0.160187
0.163529
0.160953
0.160115
0.152137
0.155525
0.151400
0.152255
0.151400
0.149231
0.148636
0.152222
0.162413
0.160808
0.167751
0.168999
0.164991
0.164991
0.168209
0.168987
0.167847
0.168987
0.172303
0.165781
0.173786
0.172795
0.166262
0.162940
0.156685
0.160567
0.152590
0.138331
0.139057
0.141373
0.142691
0.147601
0.152858
0.164395
0.156819
0.147401
0.144318
0.141593
0.146090
0.139686
0.139686
0.139840
0.131831
0.135746
0.137637
0.144729
0.149251
0.145941
0.143635
0.147195
0.143934
0.138361
0.134623
0.135318
0.137813
0.133920
0.134788
0.128111
0.144058
0.141695
0.138481
0.140187
0.138481
0.136716
0.137485
0.134851
0.133989
0.137110
0.133582
0.137551
0.137396
0.138340
0.141529
0.134658
0.141617
0.147977
0.146358
0.151592
0.157165
0.158799
0.155321
0.163433
0.157455
0.155782
0.158176
0.152081
0.146100
0.145618
0.146279
0.151358
0.162867
0.155206
0.157445
0.156842
0.150762
0.150437
0.143266
0.148443
0.145543
0.148287
0.150442
0.159704
0.154243
0.151693
0.151817
0.154576
0.162015
0.153145
0.148162
0.144390
0.144411
0.147531
0.146434
0.141593
0.142792
0.137023
0.136470
0.137023
0.141122
0.141331
0.142314
0.138038
0.139459
0.142553
0.142351
0.147862
0.151689
0.146593
0.144145
0.144301
0.146750
0.145702
0.151235
0.155489
0.147561
0.142957
0.142754
0.146008
0.150198
0.154972
0.154686
0.155310
0.144170
0.141782
0.142176
0.139349
0.135286
0.141467
0.141467
0.136909
0.126996
0.139266
0.143963
0.139266
0.140530
0.135334
0.123279
0.126259
0.135005
0.132741
0.135059
0.130299
0.130182
0.138649
0.137537
0.135659
0.137269
0.133182
0.133485
0.130539
0.130278
0.129187
0.126014
0.124809
0.129598
0.133965
0.131516
0.131516
0.130420
0.133631
0.139287
0.137493
0.137786
0.137512
0.131109
0.134626
0.149377
0.142816
0.152592
0.144336
0.148948
0.150538
0.150413
0.147325
0.141118
0.141328
0.143440
0.136917
0.137895
0.142100
0.151331
0.144884
0.142126
0.151646
0.141897
0.146136
0.144706
0.143058
0.149358
0.155964
0.153223
0.151274
0.158810
0.150879
0.158810
0.154029
0.150752
0.146743
0.149128
0.150263
0.151261
0.150148
0.151162
0.160038
0.154667
0.152922
0.157066
0.152937
0.153413
0.152892
0.152213
0.137467
0.139218
0.135363
0.135140
0.137805
0.140141
0.139576
0.139882
0.135058
0.138201
0.134277
0.135698
0.131458
0.129466
0.130318
0.134227
0.131954
0.134316
0.133218
0.136616
0.132863
0.129835
0.131935
0.134611
0.137686
0.136303
0.130193
0.129059
0.137913
0.137140
0.137855
0.137855
0.140190
0.137893
0.138459
0.135230
0.142687
0.147602
0.148329
0.144925
0.143258
0.130319
0.129782
0.129307
0.135204
0.134438
0.134426
0.132606
0.134302
0.131073
0.135904
0.146190
0.142224
0.141895
0.144560
0.137328
0.139884
0.139777
0.139960
0.143694
0.134879
0.137080
0.138129
0.134795
0.127340
0.124992
0.132881
0.136376
0.133423
0.125881
0.131973
0.117327
0.117712
0.121111
0.120648
0.130305
0.128353
0.133686
0.136263
0.130389
0.129311
0.119398
0.117685
0.119677
0.117433
0.121763
0.113168
0.113038
0.117104
0.117104
0.111246
0.102817
0.100794
0.107459
0.116925
0.119971
0.119195
0.108983
0.116726
0.115759
0.112180
0.120962
0.124865
0.124537
0.122593
0.123793
0.127068
0.129145
0.133031
0.138605
0.136435
0.145256
0.139568
0.134499
0.128126
0.123049
0.120492
0.121619
0.113510
0.127229
0.128454
0.128486
0.126025
0.122480
0.122480
0.116553
0.117995
0.115006
0.115890
0.112966
0.104871
0.110283
0.109840
0.117207
0.117576
0.122251
0.120299
0.123803
0.129396
0.121934
0.121467
0.121776
0.121509
0.128357
0.121509
0.120012
0.112628
0.106904
0.107909
0.113054
0.125837
0.128921
0.132951
0.129688
0.129280
0.122904
0.127808
0.126739
0.127364
0.124338
0.119994
0.124338
0.128177
0.127102
0.129211
0.129416
0.122068
0.120644
0.112739
0.117059
0.113967
0.120312
0.118731
0.117492
0.114218
0.113365
0.112474
0.120731
0.116478
0.107858
0.116495
0.120172
0.120172
0.118851
0.116387
0.117993
0.114213
0.114628
0.114256
0.115595
0.114223
0.121273
0.121583
0.125163
0.128428
0.130431
0.130431
0.134669
0.128661
0.124747
0.122777
0.124176
0.120740
0.118100
0.105472
0.106579
0.109654
0.108237
0.102184
0.106491
0.101737
0.101460
0.107796
0.116917
0.116917
0.109155
0.100609
0.106215
0.111352
0.112066
0.128324
0.125827
0.128324
0.129631
0.127795
0.126211
0.126530
0.122290
0.130158
0.131127
0.137626
0.151340
0.148173
0.145274
0.135130
0.138552
0.140863
0.129242
0.129430
0.122828
0.114130
0.114130
0.125059
0.120010
0.121100
0.134364
0.132801
0.130921
0.126660
0.132281
0.137259
0.131562
0.130784
0.135204
0.138379
0.133851
0.133454
0.139240
0.135464
0.133769
0.142125
0.122184
0.138271
0.139067
0.134446
0.132993
0.140019
0.140749
0.138412
0.135547
0.133856
0.129038
0.130157
0.136190
0.142986
0.136893
0.136744
0.128320
0.124229
0.124053
0.120040
0.120508
0.119611
0.123249
0.123800
0.128628
0.131292
0.131532
0.135888
0.140253
0.137621
0.135646
0.144229
0.142297
0.137699
0.134272
0.134975
0.134975
0.134943
0.133972
0.131915
0.130350
0.123242
0.124384
0.127307
0.128173
0.126615
0.127621
0.135815
0.132218
0.137398
0.137616
0.136953
0.141012
0.125458
0.125825
0.121204
0.124976
0.125894
0.130108
0.131245
0.124187
0.126507
0.136690
0.138758
0.134171
0.132064
0.132970
0.134193
0.126886
0.121257
0.122159
0.122706
0.123369
0.131527
0.126407
0.131850
0.134726
0.127783
0.126698
0.132515
0.131943
0.123256
0.131784
0.122084
0.132526
0.128574
0.124275
0.123433
0.121311
0.125877
0.127437
0.127293
0.131122
0.138124
0.130368
0.140069
0.136279
0.126914
0.118326
0.123370
0.117601
0.115559
0.119155
0.117935
0.118792
0.117132
0.113283
0.112626
0.109941
0.109270
0.120778
0.119518
0.121803
0.124728
0.129659
0.128111
0.130756
0.132817
0.127102
0.125690
0.125225
0.129894
0.123876
0.120530
0.114780
0.112441
0.114636
0.115476
0.122682
0.125818
0.120085
0.115049
0.113527
0.117308
0.121499
0.131771
0.130123
0.120427
0.130123
0.120427
0.115014
0.120427
0.129104
0.130848
0.123776
0.131712
0.133331
0.130654
0.132718
0.135202
0.140778
0.139023
0.140758
0.127920
0.132979
0.133278
0.134341
0.139348
0.132664
0.130629
0.136185
0.140895
0.150013
0.146894
0.149987
0.150407
0.150407
0.139235
0.141031
0.132684
0.132092
0.132630
0.130880
0.126557
0.121576
0.131575
0.134499
0.135909
0.131839
0.130382
0.130382
0.128520
0.130382
0.134062
0.126415
0.122876
0.120821
0.124148
0.124370
0.126901
0.120631
0.126093
0.121040
0.126901
0.128891
0.128891
0.133113
0.123079
0.126673
0.126326
0.126000
0.120538
0.120917
0.121577
0.126288
0.118662
0.124131
0.135716
0.130709
0.136767
0.136511
0.139409
0.138515
0.136596
0.143949
0.140425
0.138984
0.151594
0.152125
0.150553
0.149054
0.148228
0.151188
0.148519
0.144723
0.139926
0.141231
0.138457
0.134963
0.128602
0.137196
0.142033
0.143453
0.146175
0.143800
0.141117
0.140355
0.143022
0.139689
0.138585
0.142579
0.144161
0.146612
0.147897
0.148088
0.142414
0.141736
0.140868
0.146910
0.149605
0.149681
0.148098
0.148151
0.148801
0.140118
0.146213
0.144210
0.138318
0.143019
0.149374
0.151124
0.154815
0.155338
0.149888
0.165411
0.153469
0.150173
0.146647
0.146893
0.150303
0.148375
0.144820
0.138494
0.138494
0.140096
0.138726
0.150173
0.143133
0.142142
0.135868
0.137686
0.146373
0.154574
0.162486
0.152675
0.151275
0.150748
0.147866
0.138062
0.134156
0.144661
0.147970
0.146667
0.151853
0.151692
0.150178
0.152931
0.151195
0.151128
0.150460
0.159316
0.160354
0.161814
0.161212
0.166034
0.163779
0.163663
0.167095
0.155117
0.153071
0.160936
0.163678
0.163496
0.162661
0.160140
0.163061
0.157733
0.154450
0.154730
0.153611
0.151056
0.133761
0.133090
0.128862
0.133338
0.136854
0.143578
0.157901
0.151033
0.155694
0.147245
0.151999
0.152061
0.152264
0.158514
0.157525
0.162934
0.156228
0.156175
0.157197
0.151371
0.156474
0.152347
0.152049
0.155963
0.155133
0.155133
0.162109
0.160939
0.163615
0.165223
0.148288
0.151458
0.146272
0.147737
0.144348
0.148644
0.150901
0.149913
0.149257
0.148400
0.152753
0.154078
0.153141
0.160188
0.150475
0.149023
0.146560
0.146879
0.142410
0.140885
0.138544
0.136288
0.141261
0.135736
0.137485
0.139649
0.136654
0.143313
0.142215
0.144440
0.147833
0.144283
0.155426
0.147910
0.151190
0.152778
0.152778
0.145506
0.144510
0.143291
0.142318
0.155851
0.146731
0.149685
0.149685
0.142911
0.147420
0.140485
0.137717
0.140485
0.144391
0.146481
0.133199
0.136990
0.130660
0.142602
0.142520
0.142150
0.143611
0.138094
0.135778
0.132765
0.127439
0.132162
0.126857
0.139278
0.137235
0.130490
0.128708
0.122873
0.121191
0.122629
0.125897
0.126794
0.128212
0.125179
0.128212
0.119663
0.120695
0.105176
0.111898
0.119774
0.121706
0.119774
0.112385
0.116965
0.120271
0.118414
0.114906
0.116846
0.128268
0.125259
0.125998
0.126643
0.127286
0.122981
0.125869
0.123279
0.120055
0.126084
0.125008
0.133677
0.129591
0.118808
0.122815
0.117936
0.116480
0.103859
0.108093
0.104691
0.112673
0.115522
0.118071
0.114526
0.109806
0.108780
0.102363
0.097075
0.096618
0.096719
0.089680
0.109000
0.109361
0.107063
0.105140
0.098989
0.102921
0.108256
0.099982
0.109839
0.094893
0.101811
0.112067
0.122428
0.126048
0.124728
0.130555
0.128261
0.112294
0.109335
0.111897
0.108003
0.115332
0.117864
0.123665
0.119465
0.115606
0.120214
0.121945
0.117258
0.114902
0.114131
0.102509
0.104294
0.101776
0.115283
0.100384
0.098532
0.102813
0.105755
0.108751
0.110666
0.114710
0.114316
0.096992
0.096992
0.085418
0.074614
0.082665
0.084421
0.092458
0.089194
0.085807
0.082892
0.092483
0.093153
0.093370
0.097478
0.091985
0.083641
0.078906
0.080904
0.081564
0.082398
0.082398
0.080736
0.071897
0.076526
0.078548
0.080294
0.081452
0.089671
0.098315
0.094372
0.093554
0.083207
0.083120
0.083207
0.079516
0.082921
0.083292
0.081896
0.089704
0.085816
0.086606
0.090061
0.095195
0.105858
0.100440
0.104806
0.105868
0.098830
0.101105
0.103609
0.104873
0.102669
0.102780
0.096912
0.095169
0.100065
0.102286
0.098404
0.096874
0.098087
0.103007
0.099766
0.100168
0.097699
0.104126
0.098422
0.103192
0.103698
0.095947
0.088713
0.089093
0.089296
0.091349
0.095158
0.110233
0.108716
0.106332
0.099291
0.096649
0.103747
0.102016
0.100444
0.102016
0.099687
0.101085
0.107852
0.103523
0.100272
0.102809
0.101839
0.108122
0.110196
0.105696
0.108750
0.108783
0.106971
0.117542
0.118772
0.117542
0.119007
0.116063
0.113026
0.114419
0.116384
0.119498
0.121609
0.116767
0.115334
0.120365
0.123576
0.128001
0.123737
0.126675
0.124738
0.127508
0.120767
0.120561
0.120561
0.120391
0.124783
0.123405
0.123061
0.124337
0.121081
0.121886
0.122424
0.122610
0.119420
0.117318
0.121336
0.121336
0.119647
0.115866
0.120599
0.116716
0.125580
0.125580
0.116716
0.123235
0.123711
0.124065
0.125977
0.130761
0.133595
0.136108
0.133641
0.138083
0.133993
0.133993
0.130595
0.129519
0.126906
0.125641
0.121176
0.125427
0.129538
0.118209
0.125993
0.128174
0.114873
0.114122
0.114977
0.111475
0.114977
0.111062
0.118300
0.111062
0.115640
0.114059
0.111429
0.111397
0.108013
0.105900
0.113040
0.110344
0.116367
0.105694
0.104270
0.111978
0.111344
0.117907
0.113075
0.121340
0.126412
0.126412
0.126877
0.126877
0.123589
0.120057
0.120403
0.111706
0.119544
0.113602
0.108813
0.109233
0.113043
0.110467
0.117721
0.114698
0.114698
0.110605
0.115732
0.120074
0.120547
0.118202
0.118202
0.123119
0.121616
0.120419
0.119104
0.113006
0.113950
0.119474
0.119655
0.116452
0.118572
0.117402
0.119321
0.114347
0.113999
0.113506
0.116643
0.125492
0.124012
0.122728
0.119827
0.118196
0.120536
0.118233
0.124298
0.118686
0.121671
0.125377
0.126586
0.130013
0.130538
0.137021
0.139910
0.131618
0.130266
0.134068
0.130339
0.129293
0.131786
0.127938
0.133407
0.134783
0.152314
0.143008
0.141612
0.141236
0.137229
0.145535
0.146164
0.133640
0.130368
0.133548
0.125969
0.132332
0.138111
0.138323
0.132677
0.132889
0.136318
0.133428
0.123842
0.127382
0.129348
0.121548
0.124627
0.129386
0.127173
0.130626
0.130090
0.135198
0.136372
0.138079
0.143756
0.144247
0.145965
0.147400
0.145237
0.143955
0.137842
0.147375
0.140133
0.142318
0.139499
0.132763
0.134186
0.137262
0.123999
0.126087
0.138449
0.133836
0.134269
0.130791
0.128606
0.125707
0.119309
0.127345
0.123582
0.121894
0.124002
0.123239
0.118405
0.117412
0.115612
0.114963
0.124610
0.113674
0.109653
0.108710
0.117912
0.117912
0.120301
0.117461
0.120068
0.111729
0.112982
0.119474
0.118245
0.116268
0.115780
0.116211
0.115426
0.111554
0.096227
0.105055
0.114911
0.117048
0.119138
0.116058
0.116185
0.116694
0.107234
0.109969
0.112059
0.114657
0.116085
0.111732
0.108881
0.110955
0.119153
0.125607
0.127529
0.122188
0.124560
0.124903
0.123569
0.117445
0.116563
0.128383
0.131010
0.134834
0.125419
0.117454
0.121490
0.124592
0.120637
0.122434
0.116780
0.125438
0.122835
0.125585
0.135419
0.131646
0.139851
0.128427
0.137765
0.132477
0.132367
0.134210
0.131922
0.122573
0.129119
0.127547
0.127547
0.135947
0.127146
0.133146
0.129642
0.130974
0.128248
0.123889
0.133746
0.137047
0.136724
0.129790
0.126545
0.131402
0.134928
0.133725
0.134877
0.137423
0.134920
0.138649
0.135026
0.135073
0.142603
0.143057
0.134107
0.136082
0.143758
0.149443
0.141380
0.143065
0.141962
0.139343
0.141962
0.135974
0.139219
0.126993
0.131708
0.125181
0.130181
0.129607
0.122248
0.120252
0.119637
0.121311
0.125985
0.120716
0.125206
0.125185
0.118674
0.127187
0.127543
0.130500
0.135061
0.138377
0.140285
0.135743
0.134048
0.133100
0.134977
0.138911
0.134917
0.136755
0.134440
0.138543
0.138053
0.140026
0.144971
0.145893
0.144459
0.143507
0.135394
0.137502
0.142460
0.149469
0.147665
0.151077
0.149294
0.150942
0.150702
0.152567
0.145884
0.143293
0.144855
0.145266
0.138282
0.133686
0.134372
0.126674
0.129287
0.127324
0.129854
0.135329
0.136710
0.130537
0.126550
0.127704
0.127055
0.119328
0.118563
0.122388
0.121298
0.120882
0.113435
0.097510
0.099449
0.098986
0.101660
0.105050
0.097034
0.097217
0.102856
0.109938
0.107538
0.101948
0.106161
0.108169
0.112041
0.114512
0.125937
0.114512
0.114331
0.125888
0.127997
0.126350
0.121659
0.127415
0.129266
0.128570
0.119879
0.129384
0.131397
0.133792
0.126075
0.126453
0.127927
0.137026
0.133800
0.137633
0.132154
0.134168
0.136280
0.134962
0.129161
0.126337
0.121347
0.125124
0.130540
0.125806
0.122291
0.120425
0.116956
0.120878
0.115011
0.108808
0.113410
0.117180
0.108670
0.102578
0.101362
0.099173
0.107076
0.105466
0.114040
0.113378
0.116831
0.121445
0.121422
0.127756
0.125512
0.124126
0.121986
0.124835
0.125045
0.131171
0.133823
0.134577
0.142768
0.142270
0.133122
0.135114
0.129679
0.130573
0.134142
0.150572
0.159332
0.158468
0.161950
0.158431
0.158207
0.145863
0.148868
0.148582
0.146246
0.146626
0.146687
0.149192
0.150760
0.153798
0.151721
0.150559
0.147643
0.149415
0.154475
0.143921
0.139108
0.137106
0.134839
0.135262
0.137999
0.135693
0.142224
0.143938
0.151900
0.152551
0.151671
0.151671
0.151932
0.148845
0.147651
0.142380
0.142493
0.142312
0.141007
0.142039
0.140260
0.139339
0.138833
0.134327
0.140745
0.148655
0.147950
0.144359
0.148661
0.148211
0.149467
0.152542
0.153691
0.153938
0.152033
0.147601
0.139337
0.136739
0.136042
0.138841
0.141683
0.134902
0.140328
0.140087
0.131724
0.147785
0.144567
0.136879
0.126204
0.119327
0.129428
0.121034
0.117102
0.118518
0.124425
0.125135
0.124206
0.127855
0.124545
0.126640
0.129411
0.125522
0.127788
0.125303
0.131801
0.131317
0.123572
0.122029
0.131290
0.131680
0.131864
0.127733
0.124496
0.119194
0.125577
0.126146
0.129624
0.130805
0.131646
0.135433
0.131146
0.121095
0.112282
0.108843
0.113534
0.104873
0.105380
0.096469
0.108248
0.106765
0.104559
0.105260
0.106945
0.109687
0.113048
0.118358
0.114500
0.110400
0.109672
0.110943
0.112951
0.111301
0.113902
0.115598
0.108859
0.105771
0.114675
0.117628
0.113942
0.116302
0.124048
0.120837
0.123022
0.134468
0.129971
0.127048
0.117324
0.117831
0.117323
0.107186
0.115326
0.113170
0.107342
0.096941
0.094365
0.098412
0.101701
0.105555
0.101701
0.106394
0.109143
0.111396
0.111239
0.114089
0.115603
0.116181
0.122239
0.121834
0.126409
0.121387
0.131335
0.121387
0.117814
0.119016
0.119089
0.120483
0.123048
0.117935
0.116540
0.118406
0.118412
0.125775
0.121851
0.122894
0.125649
0.122008
0.122654
0.123757
0.123527
0.127687
0.130325
0.127687
0.126081
0.127637
0.129415
0.134988
0.126138
0.122632
0.120996
0.120214
0.119935
0.119370
0.119300
0.113064
0.120264
0.120734
0.123951
0.134011
0.144035
0.145060
0.145702
0.144907
0.145702
0.148918
0.143104
0.139235
0.139485
0.137195
0.136887
0.136096
0.136709
0.141717
0.136568
0.149024
0.144601
0.140704
0.146462
0.155542
0.149887
0.155829
0.156475
0.156143
0.160208
0.160402
0.158812
0.154371
0.155166
0.150749
0.143033
0.149144
0.140393
0.141975
0.132388
0.130154
0.124976
0.135064
0.136703
0.133865
0.124554
0.116318
0.115368
0.114449
0.115368
0.121355
0.121117
0.112056
0.111484
0.113319
0.116665
0.110288
0.103453
0.105770
0.104041
0.115593
0.113702
0.113280
0.110269
0.112326
0.111378
0.115285
0.112637
0.121277
0.115609
0.122710
0.127070
0.132290
0.128780
0.129855
0.124572
0.124716
0.125989
0.131771
0.125631
0.120206
0.129035
0.130702
0.128223
0.127159
0.125595
0.126880
0.134284
0.144110
0.138731
0.124567
0.115932
0.110547
0.111053
0.112591
0.107011
0.109572
0.102201
0.101132
0.107058
0.103188
0.096439
0.092683
0.097626
0.095823
0.093218
0.105895
0.115083
0.120986
0.113132
0.093873
0.095923
0.095517
0.101966
0.110546
0.108071
0.101948
0.102233
0.101688
0.106022
0.105043
0.103265
0.098648
0.101721
0.105564
0.101928
0.108690
0.104358
0.108614
0.111326
0.112509
0.113477
0.111063
0.112028
0.110804
0.113174
0.110623
0.114726
0.115954
0.115883
