0.278290
0.278081
0.282051
0.282345
0.282294
0.281275
0.282192
0.281421
0.280504
0.282826
0.284494
0.283936
0.286828
0.288963
0.288409
0.288539
0.289469
0.289866
0.291919
0.292813
0.294203
0.294685
0.295045
0.295057
0.304415
0.303975
0.303202
0.303254
0.304969
0.302554
0.301583
0.301935
0.301952
0.305922
0.305948
0.305349
0.301433
0.302807
0.303558
0.303784
0.307510
0.309049
0.309011
0.307837
0.307676
0.311335
0.307676
0.307440
0.308163
0.308658
0.307804
0.308636
0.311950
0.312023
0.312140
0.310708
0.309622
0.309832
0.310565
0.310303
0.310063
0.309561
0.310449
0.309511
0.312054
0.312891
0.314863
0.311129
0.311853
0.311481
0.312886
0.312654
0.311415
0.312304
0.311623
0.314480
0.314079
0.312951
0.315593
0.314120
0.313494
0.313897
0.314256
0.315397
0.319316
0.318108
0.319308
0.320483
0.320445
0.322096
0.322321
0.322580
0.321060
0.323536
0.325159
0.325010
0.324454
0.324504
0.325100
0.324946
0.325850
0.324427
0.328036
0.328219
0.328073
0.329693
0.329966
0.327962
0.325870
0.325370
0.326874
0.328094
0.327651
0.328492
0.329320
0.327753
0.326353
0.326560
0.329547
0.329545
0.327075
0.325794
0.325825
0.327081
0.326283
0.323649
0.327111
0.328862
0.329436
0.329157
0.329208
0.331733
0.328757
0.330955
0.334289
0.334376
0.334215
0.333504
0.329078
0.329922
0.330387
0.331533
0.331306
0.331095
0.331874
0.331146
0.329545
0.330984
0.330345
0.327252
0.327478
0.328079
0.329153
0.330144
0.331819
0.332366
0.333122
0.332137
0.331858
0.332095
0.332135
0.331142
0.331932
0.330619
0.330791
0.329930
0.330172
0.331047
0.328129
0.328221
0.329861
0.329924
0.329332
0.332017
0.331349
0.330124
0.331664
0.332412
0.332651
0.332809
0.331020
0.330942
0.330863
0.330143
0.330054
0.331299
0.330325
0.334480
0.334882
0.332026
0.333857
0.335148
0.335208
0.335889
0.335059
0.333787
0.330110
0.329812
0.327977
0.328395
0.328333
0.327849
0.329456
0.331026
0.331333
0.331251
0.330187
0.331252
0.325990
0.330400
0.330681
0.326241
0.329121
0.328149
0.328541
0.328675
0.331066
0.329557
0.329642
0.329628
0.326944
0.326693
0.325336
0.320501
0.318465
0.317004
0.320200
0.319492
0.319503
0.319499
0.320177
0.321044
0.319760
0.319978
0.321270
0.320035
0.320449
0.320558
0.326663
0.325301
0.329631
0.329558
0.327094
0.327041
0.327885
0.328845
0.329827
0.328392
0.326047
0.327091
0.325959
0.322276
0.322877
0.327325
0.323253
0.326917
0.324089
0.324401
0.324584
0.323488
0.321922
0.321978
0.319624
0.317964
0.317576
0.318343
0.318376
0.317471
0.317340
0.311711
0.311475
0.310614
0.309981
0.308203
0.306457
0.308148
0.309668
0.309243
0.310340
0.309678
0.311764
0.311585
0.308912
0.306035
0.306822
0.306707
0.306390
0.306505
0.306948
0.307284
0.306469
0.306930
0.306999
0.306681
0.306074
0.307332
0.308230
0.310770
0.310004
0.310023
0.308988
0.309416
0.309161
0.309208
0.309884
0.311636
0.311960
0.311288
0.310351
0.308796
0.308670
0.316229
0.315741
0.315172
0.315486
0.312747
0.312833
0.312751
0.312563
0.315608
0.315552
0.314418
0.314579
0.316459
0.315594
0.316344
0.314752
0.323470
0.324263
0.326815
0.325307
0.325573
0.325542
0.325176
0.326899
0.324684
0.325159
0.324469
0.324349
0.323813
0.324882
0.325891
0.323793
0.322171
0.322424
0.324081
0.327262
0.328775
0.328503
0.328783
0.328913
0.325802
0.326655
0.327043
0.326556
0.326771
0.326681
0.326678
0.320941
0.323006
0.323031
0.321882
0.320280
0.322463
0.322404
0.322967
0.324390
0.316813
0.317074
0.315988
0.317763
0.318729
0.321075
0.319900
0.317096
0.316779
0.313207
0.316238
0.320011
0.321103
0.321462
0.321667
0.321697
0.320391
0.319415
0.318293
0.318757
0.318491
0.318738
0.319046
0.319519
0.320558
0.321135
0.320621
0.322632
0.322445
0.321554
0.320563
0.320729
0.320412
0.319902
0.320185
0.319759
0.319842
0.320468
0.321091
0.324498
0.324495
0.322806
0.323638
0.324292
0.325794
0.325750
0.325698
0.323406
0.322709
0.323863
0.323648
0.324380
0.325423
0.326619
0.325429
0.322256
0.323098
0.324395
0.323552
0.322564
0.321126
0.320624
0.320885
0.325027
0.324500
0.324871
0.326089
0.326380
0.327727
0.333279
0.331269
0.325818
0.324301
0.324649
0.319873
0.318462
0.318928
0.321126
0.321028
0.322231
0.323484
0.322829
0.322148
0.323114
0.322381
0.322026
0.321904
0.318110
0.318747
0.320293
0.318701
0.318458
0.318598
0.323217
0.320312
0.319427
0.319425
0.322871
0.322852
0.320427
0.320526
0.321129
0.320933
0.321223
0.321368
0.319097
0.320773
0.319518
0.322238
0.322063
0.324645
0.328011
0.328012
0.326015
0.326067
0.325973
0.325944
0.328644
0.328394
0.327041
0.326219
0.325087
0.324313
0.323962
0.323908
0.324438
0.323544
0.325228
0.322496
0.321884
0.320898
0.320713
0.320406
0.320891
0.322439
0.323854
0.324989
0.324962
0.324096
0.324198
0.323380
0.321953
0.324259
0.324317
0.324147
0.325142
0.324842
0.324176
0.323529
0.326132
0.327643
0.326444
0.326145
0.324065
0.323214
0.324762
0.324762
0.325514
0.326895
0.327861
0.330232
0.328407
0.329181
0.331305
0.330313
0.326468
0.325321
0.322576
0.325562
0.326972
0.326472
0.327234
0.330326
0.329712
0.329669
0.329390
0.324979
0.324999
0.325690
0.327356
0.326153
0.326756
0.325690
0.327298
0.327265
0.326754
0.327169
0.326416
0.326624
0.326340
0.327656
0.327641
0.327311
0.327379
0.324408
0.328407
0.329837
0.329220
0.329684
0.327863
0.328335
0.330819
0.329720
0.329403
0.328535
0.326157
0.325420
0.325035
0.327144
0.327019
0.326577
0.327215
0.327764
0.324184
0.323958
0.323506
0.323675
0.325092
0.327663
0.328131
0.327530
0.328716
0.330780
0.328056
0.328405
0.326023
0.331267
0.329964
0.330139
0.329351
0.329065
0.329351
0.330074
0.328314
0.329236
0.327814
0.328196
0.330056
0.328192
0.328976
0.329382
0.329051
0.328687
0.328756
0.328000
0.326556
0.325647
0.327972
0.327714
0.321302
0.320960
0.324331
0.321926
0.325876
0.324654
0.326128
0.326281
0.325976
0.324698
0.323538
0.324130
0.323826
0.321996
0.324206
0.327257
0.327624
0.329455
0.329282
0.330258
0.328770
0.328948
0.328566
0.329609
0.332596
0.335089
0.334968
0.331483
0.329716
0.330762
0.331388
0.330551
0.329968
0.330268
0.330558
0.330907
0.330978
0.330583
0.330868
0.331040
0.332303
0.331191
0.331685
0.330935
0.331123
0.331517
0.335075
0.330460
0.331260
0.331445
0.332897
0.332646
0.330855
0.330916
0.331968
0.333000
0.331270
0.332344
0.333597
0.332168
0.335171
0.333850
0.334113
0.335103
0.335749
0.334939
0.332589
0.332571
0.332670
0.331210
0.333264
0.332345
0.334286
0.332550
0.332490
0.332942
0.334029
0.333434
0.331599
0.331209
0.332528
0.330918
0.330511
0.329056
0.327936
0.325368
0.326582
0.327059
0.329398
0.331282
0.330141
0.329718
0.332665
0.328826
0.331342
0.330783
0.331342
0.333133
0.331990
0.332317
0.331285
0.331571
0.331870
0.331018
0.327690
0.323419
0.324784
0.326258
0.321483
0.322045
0.322685
0.322962
0.322797
0.320518
0.319923
0.318427
0.320233
0.319256
0.319404
0.319895
0.314374
0.314488
0.314488
0.314597
0.313086
0.314537
0.314579
0.315804
0.315310
0.313676
0.313407
0.312491
0.312222
0.313510
0.312436
0.311906
0.308548
0.308092
0.306924
0.309849
0.310972
0.310400
0.310408
0.309769
0.308302
0.306748
0.305956
0.308304
0.305310
0.307989
0.307721
0.306968
0.307242
0.306968
0.308289
0.307991
0.307867
0.307548
0.309870
0.313947
0.315564
0.315976
0.313256
0.314008
0.314219
0.314180
0.311702
0.311319
0.309141
0.308596
0.308763
0.308202
0.307253
0.305828
0.305401
0.307137
0.305529
0.305746
0.305805
0.310343
0.312085
0.312471
0.311771
0.311627
0.310697
0.310937
0.310410
0.310253
0.311491
0.309207
0.311206
0.312456
0.313428
0.315425
0.313860
0.315684
0.316211
0.314812
0.315677
0.315375
0.320430
0.321407
0.320126
0.320157
0.313839
0.313686
0.313365
0.313363
0.312683
0.312536
0.312174
0.313715
0.312610
0.313720
0.312877
0.313185
0.314924
0.314883
0.316543
0.316982
0.317632
0.318994
0.318159
0.318308
0.316378
0.318224
0.319052
0.321617
0.322247
0.322126
0.322068
0.322100
0.322856
0.322864
0.320942
0.320579
0.320093
0.319716
0.319662
0.319850
0.321325
0.321217
0.321394
0.322778
0.322904
0.321074
0.321501
0.320685
0.321103
0.322319
0.322903
0.322497
0.321833
0.321459
0.322067
0.324024
0.324362
0.323565
0.323251
0.321661
0.322220
0.323671
0.323192
0.322241
0.320999
0.319882
0.316180
0.314134
0.313353
0.313295
0.312887
0.311060
0.312773
0.311495
0.313744
0.314504
0.313037
0.316666
0.314533
0.314537
0.313334
0.310545
0.312321
0.310301
0.309165
0.310178
0.310308
0.312330
0.312776
0.312795
0.313334
0.310908
0.312024
0.311486
0.311494
0.312603
0.313185
0.317521
0.316106
0.315671
0.318875
0.318134
0.317469
0.319147
0.322387
0.323194
0.324070
0.324736
0.322486
0.323807
0.323960
0.324216
0.323869
0.322830
0.320789
0.322224
0.321593
0.321403
0.321054
0.320251
0.323659
0.318998
0.317118
0.317103
0.319086
0.318004
0.318069
0.317256
0.318464
0.320537
0.320249
0.319169
0.319074
0.322931
0.323629
0.321863
0.324008
0.323607
0.323514
0.323715
0.319976
0.320179
0.317641
0.320199
0.320516
0.320391
0.321301
0.320740
0.317999
0.319648
0.321649
0.321632
0.322523
0.322701
0.320895
0.321177
0.321932
0.320884
0.317131
0.317450
0.317723
0.317492
0.317852
0.319077
0.319222
0.322113
0.320537
0.320596
0.320646
0.320272
0.320309
0.320611
0.321274
0.319938
0.320248
0.324093
0.321491
0.321710
0.321395
0.319377
0.319626
0.320851
0.321630
0.318355
0.317576
0.317576
0.310236
0.310254
0.310580
0.311175
0.310611
0.309898
0.314973
0.315702
0.315436
0.318845
0.316376
0.316842
0.315805
0.316440
0.317607
0.317209
0.315717
0.312434
0.310734
0.309912
0.311157
0.311120
0.311437
0.311384
0.312375
0.313081
0.312805
0.311417
0.311551
0.313775
0.313969
0.314461
0.318145
0.318908
0.320318
0.320436
0.319835
0.318753
0.319299
0.319215
0.317939
0.318468
0.318218
0.318326
0.320030
0.318812
0.319094
0.317969
0.315864
0.315915
0.314884
0.314373
0.313500
0.312643
0.310724
0.313050
0.313866
0.313284
0.313083
0.313061
0.313595
0.314288
0.313310
0.312276
0.313425
0.313212
0.314099
0.314069
0.313505
0.316067
0.317550
0.317549
0.318523
0.321860
0.321131
0.321282
0.322587
0.323023
0.320520
0.320414
0.317252
0.314709
0.315688
0.317325
0.317855
0.316816
0.312474
0.313927
0.312609
0.313081
0.312553
0.312068
0.311987
0.313234
0.305976
0.313257
0.312334
0.309682
0.311451
0.316226
0.315192
0.316374
0.315256
0.314899
0.314868
0.314325
0.309686
0.309696
0.308193
0.307244
0.308023
0.309346
0.309849
0.311922
0.312982
0.314150
0.313993
0.313993
0.313372
0.312089
0.311691
0.311601
0.309875
0.309925
0.308254
0.312431
0.312220
0.311727
0.311192
0.312988
0.312938
0.312466
0.311727
0.311887
0.311647
0.312304
0.311565
0.312201
0.312941
0.314571
0.313495
0.313015
0.314852
0.313707
0.315637
0.314974
0.317920
0.315330
0.320957
0.320259
0.320458
0.320410
0.320068
0.320743
0.319967
0.318883
0.319237
0.319258
0.322053
0.318815
0.322435
0.318295
0.318196
0.318463
0.318429
0.317867
0.317924
0.317427
0.319047
0.320052
0.322967
0.323469
0.323933
0.323421
0.324949
0.322254
0.322760
0.323594
0.324750
0.325150
0.325083
0.325191
0.326086
0.325146
0.325523
0.328152
0.327676
0.327435
0.325767
0.326283
0.321678
0.318367
0.317828
0.318496
0.319359
0.319864
0.317392
0.317347
0.318112
0.320477
0.320725
0.319420
0.318924
0.320348
0.320661
0.320258
0.320060
0.317232
0.317126
0.316442
0.316544
0.316901
0.312172
0.311897
0.312599
0.311735
0.308192
0.308067
0.309555
0.305191
0.305307
0.306354
0.307449
0.308059
0.311745
0.313337
0.312229
0.312257
0.310422
0.312206
0.312349
0.313279
0.312895
0.312906
0.312875
0.313494
0.313712
0.310640
0.310310
0.302528
0.304502
0.304850
0.305583
0.301640
0.299922
0.301609
0.300905
0.301764
0.301080
0.301860
0.302585
0.302601
0.303118
0.302601
0.301336
0.305427
0.304433
0.305191
0.305848
0.305300
0.305138
0.304049
0.302694
0.303231
0.300379
0.299713
0.301675
0.306711
0.302514
0.303198
0.302219
0.300400
0.300055
0.300606
0.300420
0.303996
0.301275
0.301253
0.304127
0.304691
0.302896
0.302838
0.304198
0.304874
0.306769
0.305522
0.304373
0.303820
0.303131
0.303932
0.302341
0.303596
0.306038
0.306463
0.304811
0.304685
0.301971
0.301388
0.301069
0.300138
0.300952
0.302601
0.299206
0.300377
0.300160
0.297546
0.297477
0.299242
0.300340
0.300485
0.299382
0.301091
0.301248
0.302227
0.304758
0.304758
0.304343
0.304183
0.305895
0.305369
0.306083
0.304408
0.303788
0.304831
0.305565
0.300085
0.301072
0.304265
0.304695
0.304739
0.304739
0.305406
0.304550
0.301589
0.301328
0.301566
0.299755
0.298782
0.304067
0.302724
0.301690
0.301989
0.303479
0.302001
0.302570
0.301960
0.299937
0.300099
0.301406
0.301243
0.305990
0.308467
0.305765
0.304078
0.306273
0.307006
0.306671
0.307258
0.305949
0.302524
0.303379
0.303559
0.311792
0.311786
0.312014
0.309570
0.309675
0.304056
0.306708
0.307017
0.304666
0.304389
0.304427
0.307223
0.307468
0.308016
0.307800
0.309200
0.309126
0.309147
0.309384
0.308284
0.309577
0.309237
0.309310
0.308963
0.309610
0.307836
0.307293
0.307282
0.307973
0.307730
0.308417
0.308016
0.309839
0.310282
0.309993
0.309595
0.310123
0.309706
0.308846
0.308110
0.306503
0.306259
0.305691
0.305403
0.306719
0.307290
0.306730
0.311353
0.307853
0.310856
0.310546
0.311450
0.309024
0.307761
0.306318
0.307418
0.309494
0.309997
0.308871
0.310879
0.309673
0.309802
0.309734
0.309904
0.309708
0.310422
0.310607
0.310412
0.309948
0.307325
0.309463
0.311290
0.312677
0.310395
0.308510
0.310395
0.308494
0.313262
0.311812
0.312211
0.313391
0.313906
0.312552
0.311724
0.311627
0.311479
0.310370
0.310274
0.312705
0.311968
0.310510
0.310404
0.310344
0.304645
0.307906
0.310383
0.310301
0.307868
0.308962
0.309064
0.308465
0.309967
0.309544
0.307123
0.307305
0.308228
0.308524
0.307682
0.307736
0.306645
0.304560
0.299295
0.299342
0.301734
0.299364
0.299532
0.300312
0.300744
0.300680
0.301031
0.300363
0.299588
0.300337
0.302030
0.303967
0.301917
0.300770
0.299924
0.304917
0.301481
0.301069
0.301574
0.300326
0.299869
0.300105
0.300255
0.299857
0.300032
0.299126
0.300118
0.297856
0.298639
0.299361
0.298500
0.297779
0.295760
0.295093
0.295187
0.294458
0.296084
0.294853
0.294207
0.294232
0.294184
0.292667
0.292845
0.290933
0.290413
0.292651
0.292732
0.292781
0.292661
0.293972
0.295276
0.293854
0.298905
0.295804
0.293557
0.294158
0.294226
0.294361
0.295977
0.298487
0.292744
0.295868
0.294877
0.290960
0.292574
0.293435
0.294059
0.294756
0.297354
0.298262
0.299437
0.305080
0.302234
0.301183
0.299896
0.300385
0.299263
0.298954
0.300786
0.301269
0.303649
0.305378
0.306381
0.306691
0.309575
0.307843
0.306934
0.306017
0.304550
0.304378
0.303059
0.305269
0.304243
0.304750
0.304657
0.305021
0.307168
0.305138
0.302564
0.302617
0.303678
0.304716
0.305950
0.305432
0.307228
0.306447
0.305300
0.305023
0.306440
0.306104
0.306661
0.307454
0.307494
0.304775
0.304185
0.302189
0.300871
0.300990
0.301495
0.301537
0.300000
0.298320
0.298615
0.298478
0.300499
0.299787
0.300616
0.304906
0.303848
0.299970
0.303323
0.300835
0.302294
0.302330
0.300346
0.297541
0.299319
0.298941
0.299025
0.298980
0.301051
0.300831
0.301275
0.303288
0.304075
0.303191
0.299511
0.298629
0.299623
0.302759
0.302699
0.303174
0.302346
0.302701
0.303262
0.300759
0.299422
0.297614
0.296373
0.298562
0.299062
0.302012
0.307019
0.306387
0.304565
0.305853
0.305948
0.307667
0.306681
0.308068
0.307755
0.307693
0.307378
0.305853
0.303441
0.305192
0.304715
0.303527
0.304678
0.305060
0.302966
0.301424
0.303802
0.305135
0.303550
0.302963
0.301455
0.303822
0.304649
0.304489
0.304359
0.306666
0.306956
0.307029
0.305662
0.307036
0.305409
0.305677
0.306117
0.306385
0.305826
0.305506
0.307479
0.309781
0.308435
0.306507
0.308466
0.308501
0.307808
0.308054
0.308025
0.308501
0.309194
0.308957
0.307725
0.309473
0.309919
0.310796
0.309226
0.314248
0.315131
0.315119
0.315190
0.316416
0.315962
0.315992
0.316272
0.315067
0.313844
0.314375
0.315418
0.314353
0.315659
0.316073
0.316114
0.312874
0.312766
0.312728
0.313480
0.313722
0.315196
0.317884
0.316948
0.317861
0.317370
0.315596
0.315630
0.315402
0.315829
0.315660
0.315829
0.313333
0.314694
0.314961
0.314698
0.314606
0.313912
0.315067
0.314893
0.313363
0.314024
0.315418
0.317397
0.317790
0.315611
0.316870
0.316811
0.320102
0.320626
0.324002
0.325411
0.325469
0.326086
0.327532
0.329002
0.327661
0.326322
0.326981
0.326167
0.325315
0.327183
0.327276
0.325699
0.325547
0.324917
0.324847
0.324397
0.323718
0.323861
0.325713
0.325575
0.323757
0.321939
0.321408
0.320433
0.319742
0.319929
0.320194
0.321127
0.320624
0.323405
0.323231
0.323001
0.322581
0.322408
0.322206
0.320368
0.320516
0.321369
0.321947
0.320902
0.319299
0.317943
0.315913
0.317362
0.316715
0.317773
0.314906
0.315531
0.315724
0.316156
0.317639
0.317359
0.315619
0.315137
0.314201
0.311777
0.311574
0.310228
0.310164
0.310122
0.309321
0.309782
0.311495
0.310479
0.311276
0.310856
0.310270
0.309564
0.311018
0.308280
0.306630
0.307662
0.310937
0.308975
0.308038
0.311794
0.312027
0.313189
0.312952
0.313020
0.313465
0.311230
0.310777
0.310840
0.308812
0.308458
0.308574
0.310671
0.312642
0.311259
0.310139
0.309806
0.311176
0.312744
0.313794
0.312927
0.313665
0.314440
0.312895
0.310907
0.311128
0.310215
0.305490
0.304939
0.308009
0.308089
0.308008
0.307275
0.307254
0.305455
0.305475
0.305071
0.304971
0.306398
0.306420
0.307160
0.312344
0.312873
0.311666
0.312778
0.312774
0.312572
0.312136
0.310991
0.311400
0.310185
0.309943
0.311340
0.310673
0.310599
0.311374
0.311495
0.310394
0.310720
0.308387
0.304541
0.302913
0.304430
0.305806
0.305448
0.305427
0.303406
0.303480
0.304339
0.304332
0.303957
0.305248
0.307833
0.307454
0.306991
0.303214
0.302968
0.303346
0.302870
0.304925
0.304567
0.305220
0.304495
0.307504
0.308122
0.307181
0.307410
0.307477
0.308851
0.307545
0.307333
0.307941
0.307865
0.304752
0.303320
0.306226
0.306793
0.307673
0.306374
0.306969
0.307134
0.306595
0.306885
0.308368
0.307560
0.310392
0.312879
0.311557
0.309175
0.310732
0.313264
0.312069
0.312000
0.312209
0.312979
0.312959
0.313526
0.314083
0.314193
0.314448
0.314000
0.312218
0.313536
0.314126
0.313412
0.311130
0.310343
0.310235
0.311454
0.310099
0.310826
0.312353
0.312368
0.313847
0.313532
0.313795
0.312671
0.311828
0.311652
0.312825
0.313437
0.313647
0.314879
0.314914
0.314608
0.313115
0.312397
0.311729
0.308139
0.308732
0.309641
0.310181
0.308521
0.307559
0.307451
0.307114
0.304404
0.304379
0.307361
0.307210
0.307524
0.307573
0.306912
0.306804
0.306658
0.306262
0.305409
0.306089
0.307802
0.310524
0.309280
0.309353
0.313534
0.313979
0.315721
0.309596
0.307961
0.305931
0.307391
0.307461
0.306220
0.306235
0.306716
0.307196
0.306299
0.305285
0.306083
0.299750
0.299444
0.299345
0.301205
0.299475
0.300686
0.300267
0.301068
0.299872
0.299780
0.302320
0.302959
0.303552
0.301621
0.301672
0.305128
0.305050
0.306342
0.304528
0.305404
0.304621
0.302244
0.301181
0.299947
0.300816
0.302282
0.304195
0.304340
0.304921
0.308159
0.308430
0.306775
0.307275
0.306257
0.307821
0.308122
0.305960
0.306708
0.306950
0.306639
0.305425
0.306145
0.306585
0.308789
0.308270
0.309431
0.305830
0.306614
0.307109
0.306907
0.306151
0.306816
0.305361
0.307188
0.306878
0.305838
0.306269
0.306924
0.306212
0.307820
0.309081
0.310530
0.308655
0.307229
0.307523
0.308539
0.309183
0.310278
0.312324
0.310232
0.310674
0.310826
0.311744
0.312009
0.311517
0.313683
0.312679
0.311589
0.309293
0.309202
0.306885
0.309765
0.311432
0.312397
0.312625
0.312499
0.310922
0.310404
0.309403
0.309647
0.308958
0.308158
0.308198
0.306476
0.309126
0.309824
0.309826
0.309329
0.308627
0.309634
0.307847
0.308803
0.307863
0.307844
0.308727
0.308908
0.308716
0.307377
0.307758
0.306435
0.306758
0.306605
0.309452
0.309035
0.306441
0.300946
0.301251
0.306376
0.306165
0.305172
0.306093
0.306164
0.306994
0.306899
0.306994
0.306825
0.306548
0.308352
0.307511
0.307662
0.308022
0.308240
0.307640
0.305099
0.304791
0.304366
0.305638
0.305967
0.300476
0.300299
0.302698
0.300355
0.301032
0.302082
0.302136
0.302333
0.299589
0.300591
0.301536
0.300356
0.300279
0.299700
0.293101
0.296316
0.296176
0.295806
0.295532
0.293995
0.293436
0.293427
0.294240
0.294693
0.295840
0.294373
0.296389
0.296063
0.295192
0.293995
0.293546
0.292063
0.293885
0.294244
0.294612
0.294625
0.294586
0.293461
0.294850
0.297345
0.297012
0.297290
0.296680
0.300054
0.297900
0.297823
0.297834
0.296725
0.293415
0.294854
0.293748
0.292658
0.291693
0.292554
0.293579
0.293557
0.293441
0.293237
0.294807
0.293727
0.298633
0.295529
0.296564
0.297412
0.297698
0.295767
0.293736
0.294321
0.294299
0.291191
0.294025
0.294221
0.294830
0.295227
0.293615
0.289794
0.290381
0.294654
0.295028
0.294220
0.295735
0.297605
0.296411
0.295558
0.295673
0.296157
0.295761
0.295950
0.296158
0.300581
0.300049
0.300444
0.297836
0.298050
0.295070
0.294674
0.296451
0.298281
0.297757
0.298470
0.296562
0.297192
0.299361
0.299800
0.301343
0.300098
0.301222
0.298008
0.299662
0.300054
0.301403
0.299713
0.300895
0.300937
0.300519
0.300921
0.299182
0.298812
0.302449
0.297179
0.298106
0.298114
0.297499
0.296795
0.297710
0.300794
0.300923
0.292705
0.289702
0.291425
0.289676
0.290793
0.292864
0.293404
0.293419
0.290970
0.291470
0.288562
0.286825
0.289569
0.290281
0.287259
0.287431
0.288113
0.288167
0.286910
0.288852
0.289173
0.287606
0.288122
0.286844
0.287209
0.290212
0.290212
0.290658
0.290165
0.288156
0.291565
0.292249
0.291859
0.291447
0.292748
0.293032
0.293510
0.296321
0.295016
0.297041
0.297401
0.296340
0.297682
0.298743
0.296749
0.296050
0.296392
0.298827
0.295394
0.298731
0.293324
0.294806
0.294658
0.293733
0.294221
0.299058
0.299166
0.298941
0.299036
0.298077
0.297021
0.296300
0.297193
0.295510
0.295201
0.296483
0.294143
0.294585
0.294703
0.294124
0.296303
0.295986
0.295662
0.300033
0.301430
0.301696
0.300707
0.296266
0.296152
0.295237
0.294933
0.294771
0.296057
0.294652
0.297237
0.298337
0.296880
0.296017
0.295756
0.294093
0.293613
0.294038
0.296571
0.296837
0.294914
0.294779
0.296735
0.297958
0.297883
0.300639
0.299518
0.299502
0.300041
0.299968
0.298202
0.300227
0.300024
0.293602
0.293040
0.291425
0.291544
0.293320
0.293303
0.293252
0.291664
0.290762
0.290895
0.293393
0.296284
0.293880
0.297290
0.297342
0.298761
0.299580
0.299414
0.296624
0.294421
0.299870
0.294766
0.298614
0.299827
0.299525
0.298033
0.298134
0.298593
0.296888
0.296008
0.295398
0.295416
0.298429
0.298619
0.299802
0.299762
0.301668
0.297909
0.296478
0.293219
0.297020
0.297583
0.298226
0.301020
0.301266
0.298434
0.301383
0.303895
0.303082
0.304308
0.303039
0.304501
0.304663
0.307114
0.307563
0.307843
0.308526
0.311158
0.310603
0.310694
0.310181
0.307366
0.308265
0.306525
0.303903
0.303837
0.303112
0.304112
0.299980
0.299938
0.299261
0.299274
0.299246
0.296592
0.297430
0.300592
0.303045
0.300744
0.299526
0.299246
0.299774
0.299802
0.298682
0.298626
0.298721
0.298017
0.296686
0.295920
0.295196
0.297675
0.296547
0.294830
0.293616
0.293845
0.294359
0.294435
0.293842
0.294457
0.296161
0.301997
0.296917
0.296798
0.297271
0.294560
0.294251
0.294755
0.294329
0.296259
0.297312
0.294635
0.292609
0.293463
0.295135
0.294481
0.293507
0.292844
0.293496
0.292834
0.293481
0.293130
0.293327
0.291798
0.292522
0.295529
0.296950
0.294305
0.290656
0.294513
0.294047
0.294211
0.290674
0.291219
0.291166
0.291304
0.293277
0.296857
0.296310
0.294253
0.294716
0.294181
0.297934
0.300083
0.297362
0.295136
0.295910
0.294046
0.293568
0.294014
0.294872
0.293350
0.294430
0.294232
0.293780
0.294663
0.293762
0.296850
0.297612
0.294525
0.295566
0.296429
0.294003
0.294188
0.294543
0.295545
0.296622
0.292440
0.294491
0.293562
0.294309
0.298254
0.299501
0.301746
0.299569
0.302590
0.302156
0.303715
0.302061
0.300282
0.299356
0.299744
0.298421
0.297753
0.299641
0.294754
0.296200
0.297451
0.296995
0.295118
0.294485
0.296034
0.295304
0.296147
0.298635
0.298876
0.298909
0.298909
0.297640
0.296379
0.295927
0.296568
0.297341
0.298925
0.299167
0.300276
0.300320
0.300432
0.299435
0.298867
0.298311
0.298000
0.297896
0.299666
0.301249
0.300039
0.300041
0.299109
0.299005
0.301130
0.300002
0.299932
0.299391
0.300061
0.298492
0.297780
0.299389
0.298422
0.297643
0.296632
0.299477
0.297509
0.297033
0.294156
0.295994
0.295747
0.295096
0.295702
0.294959
0.295243
0.296650
0.296894
0.297464
0.300445
0.298886
0.299198
0.296869
0.297157
0.291171
0.291483
0.292115
0.290542
0.290634
0.289975
0.291047
0.291920
0.290805
0.290938
0.291174
0.293423
0.294623
0.292800
0.292514
0.292732
0.292457
0.293200
0.290351
0.290720
0.294962
0.294981
0.292619
0.292230
0.291439
0.292254
0.292624
0.290597
0.292710
0.293953
0.293283
0.292894
0.295134
0.297561
0.294056
0.293425
0.291306
0.292200
0.292232
0.292189
0.285817
0.290631
0.286259
0.287031
0.286746
0.286262
0.291432
0.284981
0.291467
0.292788
0.286563
0.287685
0.287353
0.286547
0.289733
0.288986
0.289196
0.289647
0.290633
0.290202
0.288150
0.287858
0.286675
0.286540
0.287841
0.290250
0.290018
0.290040
0.290791
0.289687
0.288997
0.288496
0.289390
0.288182
0.288269
0.288521
0.285360
0.282448
0.281546
0.281497
0.281460
0.276653
0.278651
0.278880
0.279194
0.280012
0.285366
0.284536
0.284045
0.283702
0.283889
0.284866
0.287094
0.287034
0.284432
0.284501
0.280571
0.279739
0.279465
0.279093
0.278369
0.282152
0.279139
0.278960
0.278959
0.278093
0.278508
0.279237
0.278318
0.282582
0.281298
0.282032
0.280097
0.280668
0.280946
0.280619
0.280116
0.280267
0.280336
0.279249
0.281163
0.281254
0.281062
0.282046
0.279395
0.280337
0.277826
0.277064
0.276664
0.275277
0.275462
0.274779
0.275243
0.274262
0.273822
0.275570
0.276890
0.275701
0.278871
0.279616
0.279558
0.280949
0.281512
0.282392
0.277970
0.275695
0.276056
0.275760
0.275659
0.275056
0.275183
0.272962
0.273102
0.273363
0.272690
0.273399
0.273902
0.277103
0.278459
0.275482
0.275661
0.276118
0.286420
0.284993
0.284261
0.284393
0.283331
0.284647
0.287878
0.286517
0.284803
0.283227
0.284701
0.284306
0.282462
0.285860
0.285832
0.285825
0.285791
0.283891
0.280792
0.283290
0.283864
0.287366
0.288415
0.288610
0.288483
0.288139
0.288139
0.290305
0.290855
0.288288
0.291783
0.292165
0.290878
0.292641
0.289309
0.288945
0.289392
0.290145
0.293743
0.294064
0.293375
0.294839
0.294588
0.295653
0.296334
0.295601
0.293464
0.294388
0.294629
0.294388
0.293020
0.291306
0.291504
0.290946
0.291696
0.292522
0.291909
0.294694
0.295600
0.295009
0.294699
0.294748
0.296709
0.297310
0.295505
0.295393
0.296768
0.297526
0.303899
0.303839
0.303086
0.301777
0.299376
0.300235
0.300851
0.301406
0.300657
0.300394
0.293246
0.293156
0.295310
0.296651
0.295230
0.294070
0.295036
0.297804
0.292193
0.292408
0.293557
0.292942
0.295994
0.294125
0.292798
0.292510
0.292173
0.290405
0.289107
0.294761
0.296396
0.292331
0.291712
0.293677
0.293611
0.291746
0.291972
0.291559
0.291496
0.290163
0.286716
0.286048
0.285100
0.282148
0.287197
0.287574
0.284319
0.285222
0.286672
0.285313
0.283797
0.285791
0.285623
0.284317
0.284770
0.280997
0.279368
0.279979
0.279501
0.284454
0.284692
0.284027
0.283119
0.283543
0.280903
0.281200
0.282770
0.280778
0.282203
0.282517
0.281415
0.281020
0.281177
0.281385
0.281380
0.279693
0.280065
0.281002
0.279128
0.278943
0.278264
0.278375
0.278679
0.278712
0.278915
0.281324
0.280884
0.280303
0.279961
0.279683
0.281383
0.281918
0.280918
0.278804
0.277510
0.278988
0.280994
0.279998
0.284486
0.280332
0.281243
0.279686
0.277234
0.274564
0.274999
0.277266
0.276883
0.276666
0.277318
0.277358
0.277343
0.279739
0.277835
0.276886
0.278207
0.276968
0.278588
0.283744
0.286088
0.284153
0.283264
0.285534
0.281842
0.279546
0.278532
0.277479
0.277796
0.278655
0.278074
0.282437
0.282299
0.282076
0.282310
0.282978
0.282905
0.281707
0.281097
0.278586
0.277891
0.279700
0.287231
0.290854
0.289639
0.292474
0.291045
0.290885
0.291714
0.291316
0.291912
0.292507
0.291877
0.291994
0.291375
0.289299
0.290287
0.290868
0.290556
0.290825
0.290863
0.291569
0.291239
0.292885
0.294122
0.295031
0.301925
0.301991
0.299982
0.298972
0.301268
0.299522
0.299020
0.299098
0.297591
0.297525
0.297910
0.296687
0.295624
0.298070
0.300170
0.301999
0.302225
0.303975
0.305812
0.304715
0.304846
0.306570
0.306667
0.302724
0.304066
0.301262
0.304066
0.301529
0.301761
0.297061
0.297709
0.297970
0.297598
0.295565
0.296760
0.294452
0.294607
0.297708
0.299213
0.299330
0.298346
0.297646
0.295347
0.297712
0.297297
0.297415
0.296756
0.298363
0.299580
0.298288
0.297637
0.297265
0.296889
0.298462
0.298943
0.299040
0.302749
0.302075
0.301228
0.304112
0.304397
0.304260
0.304669
0.304107
0.303980
0.304328
0.303840
0.304789
0.304484
0.304940
0.306953
0.305300
0.305291
0.306296
0.305102
0.303722
0.305729
0.305828
0.305515
0.307249
0.304912
0.305111
0.306241
0.305961
0.304672
0.308081
0.308967
0.308939
0.308357
0.308395
0.309098
0.308846
0.305233
0.307001
0.306281
0.305923
0.303852
0.304677
0.304089
0.306315
0.306023
0.306064
0.305990
0.304890
0.305071
0.305020
0.306504
0.308366
0.305438
0.308396
0.303335
0.303011
0.307162
0.308147
0.303192
0.305939
0.305919
0.314071
0.310506
0.313162
0.316482
0.321342
0.320257
0.318158
0.318332
0.318467
0.318589
0.318589
0.318813
0.315165
0.316606
0.315262
0.313932
0.312805
0.310810
0.313335
0.313937
0.311521
0.313120
0.313909
0.312073
0.309511
0.309048
0.312941
0.312085
0.310958
0.311061
0.311241
0.308900
0.308118
0.311777
0.309247
0.309777
0.308056
0.308381
0.310766
0.313352
0.312184
0.311981
0.308560
0.311981
0.312626
0.312022
0.310811
0.311362
0.312809
0.310890
0.310208
0.309500
0.308008
0.306445
0.306238
0.308562
0.309163
0.310171
0.309467
0.308887
0.310332
0.307709
0.308770
0.307760
0.306647
0.306680
0.308310
0.309905
0.311306
0.310665
0.313444
0.309747
0.312085
0.313731
0.316686
0.316541
0.315798
0.316114
0.317692
0.319015
0.319142
0.318605
0.318340
0.322561
0.321120
0.320162
0.318563
0.318156
0.319523
0.317660
0.316305
0.315302
0.316950
0.316810
0.317007
0.316540
0.315218
0.316170
0.315826
0.314836
0.315531
0.315071
0.315344
0.313394
0.313731
0.315688
0.313669
0.314245
0.313842
0.314906
0.311962
0.313757
0.320479
0.321168
0.320332
0.322923
0.322735
0.323223
0.326592
0.327381
0.327985
0.326736
0.319632
0.321034
0.325006
0.324716
0.324815
0.325187
0.326024
0.325724
0.322511
0.323337
0.321391
0.321414
0.321335
0.326591
0.325474
0.321578
0.321211
0.321211
0.321558
0.323361
0.323639
0.323561
0.321726
0.321300
0.326985
0.326874
0.325004
0.324943
0.324260
0.324553
0.324993
0.321919
0.322517
0.322457
0.323775
0.322650
0.321002
0.321602
0.321968
0.320713
0.320246
0.317483
0.318194
0.318462
0.317112
0.317112
0.317886
0.317410
0.318524
0.318655
0.320042
0.320739
0.320251
0.319529
0.320341
0.320174
0.319518
0.319602
0.321031
0.323381
0.323331
0.322976
0.323331
0.323702
0.323924
0.322864
0.321733
0.320386
0.321769
0.321947
0.318842
0.319489
0.320015
0.314407
0.313252
0.313250
0.315641
0.313064
0.315335
0.316240
0.316789
0.315947
0.319543
0.320011
0.318591
0.318322
0.317008
0.314704
0.314704
0.314583
0.316070
0.318436
0.318939
0.317988
0.321180
0.321303
0.320373
0.318570
0.320279
0.317779
0.318480
0.318286
0.318666
0.318464
0.318083
0.318531
0.320548
0.318460
0.318764
0.317853
0.318140
0.317753
0.317217
0.316963
0.317705
0.317331
0.317686
0.317816
0.317583
0.315157
0.317248
0.317367
0.316672
0.316275
0.316092
0.317674
0.317579
0.314929
0.314981
0.316399
0.319325
0.319383
0.318777
0.321823
0.322039
0.320755
0.320803
0.323135
0.322542
0.324435
0.324642
0.325655
0.324187
0.324588
0.325114
0.324163
0.324531
0.323800
0.322637
0.321963
0.321616
0.323409
0.321757
0.322430
0.321883
0.322037
0.322357
0.319265
0.319985
0.317424
0.318284
0.319133
0.316014
0.315782
0.315847
0.315969
0.313670
0.314443
0.314874
0.316202
0.316524
0.317004
0.318406
0.318932
0.319564
0.320250
0.320032
0.317647
0.319602
0.319712
0.319668
0.319248
0.318862
0.319810
0.318732
0.318901
0.316997
0.317428
0.317358
0.316037
0.317454
0.319599
0.318435
0.319599
0.321044
0.316836
0.316446
0.318467
0.317955
0.317234
0.316883
0.317206
0.317061
0.316787
0.317391
0.317310
0.320220
0.320538
0.317846
0.319902
0.321348
0.320949
0.320794
0.323502
0.326273
0.326367
0.326226
0.325955
0.323029
0.322188
0.324516
0.323224
0.323166
0.322349
0.322842
0.323490
0.322436
0.321987
0.317649
0.317505
0.318921
0.318915
0.317906
0.319666
0.320492
0.319769
0.318479
0.315009
0.314715
0.316372
0.318205
0.319584
0.321533
0.319454
0.317716
0.314212
0.313775
0.314808
0.315918
0.314569
0.319276
0.319411
0.319212
0.320005
0.318267
0.316071
0.315745
0.314812
0.315063
0.316129
0.315998
0.314047
0.312117
0.312499
0.308477
0.306348
0.308252
0.309563
0.309782
0.308875
0.310682
0.311099
0.312456
0.313130
0.312961
0.310225
0.309637
0.308235
0.311011
0.309115
0.307719
0.307207
0.308482
0.309025
0.311674
0.313032
0.313502
0.313381
0.313936
0.313400
0.313617
0.315888
0.316247
0.313617
0.314409
0.315843
0.310124
0.310577
0.309516
0.309405
0.309209
0.309867
0.311918
0.309047
0.310885
0.310674
0.309742
0.309249
0.309742
0.310672
0.312985
0.312947
0.313301
0.313781
0.316364
0.320274
0.316041
0.316592
0.315818
0.314379
0.315416
0.314850
0.314531
0.314764
0.316064
0.312587
0.312441
0.317435
0.316563
0.317807
0.319048
0.319981
0.319395
0.320724
0.322939
0.326204
0.326274
0.325703
0.324703
0.324380
0.325061
0.324596
0.325668
0.324498
0.322246
0.323009
0.323713
0.323728
0.324796
0.323728
0.323606
0.323807
0.322909
0.321299
0.320843
0.320480
0.322817
0.320631
0.320470
0.319617
0.317703
0.316804
0.317190
0.318243
0.318665
0.318212
0.318343
0.316881
0.317887
0.318698
0.318941
0.319025
0.319966
0.319565
0.320437
0.319118
0.321556
0.320027
0.318676
0.318045
0.318395
0.318545
0.317025
0.312556
0.315448
0.316748
0.316215
0.316903
0.316393
0.317017
0.318868
0.318068
0.321043
0.322553
0.322428
0.321488
0.321372
0.320847
0.319286
0.320298
0.319197
0.320345
0.319108
0.325244
0.326026
0.326107
0.324902
0.324079
0.323809
0.319852
0.317322
0.320918
0.320995
0.321521
0.321228
0.321161
0.323400
0.323210
0.321601
0.324539
0.322943
0.323600
0.323681
0.322223
0.322182
0.321866
0.324069
0.324929
0.325774
0.323543
0.323245
0.323087
0.325549
0.326084
0.323422
0.322359
0.323558
0.323647
0.321679
0.324159
0.323032
0.324599
0.323316
0.322939
0.320860
0.322159
0.321323
0.321186
0.321558
0.322735
0.321360
0.321192
0.321216
0.321981
0.320258
0.320442
0.317843
0.317940
0.318368
0.318042
0.320808
0.320340
0.319693
0.322630
0.325074
0.325255
0.326873
0.323759
0.323722
0.324825
0.323383
0.323158
0.324977
0.327609
0.328776
0.329769
0.330262
0.330459
0.331825
0.328893
0.329780
0.328988
0.326788
0.325320
0.325410
0.324388
0.330565
0.324893
0.324097
0.323470
0.326390
0.325124
0.324653
0.324889
0.325915
0.325252
0.327525
0.331411
0.331581
0.330421
0.331505
0.332057
0.331631
0.333312
0.331267
0.331279
0.331437
0.331536
0.329837
0.330192
0.331917
0.332979
0.329896
0.331917
0.332010
0.331046
0.331858
0.331078
0.331287
0.331394
0.331935
0.332530
0.333759
0.334700
0.336168
0.335341
0.335791
0.336687
0.334794
0.335696
0.335028
0.335484
0.338544
0.337595
0.335800
0.336433
0.336579
0.334464
0.331906
0.332931
0.332585
0.334850
0.333784
0.333877
0.334291
0.334072
0.333262
0.332213
0.331382
0.329012
0.330314
0.329217
0.328448
0.324503
0.326015
0.327177
0.329026
0.329313
0.329224
0.330887
0.331096
0.331620
0.330520
0.328253
0.324536
0.323642
0.328615
0.329495
0.330742
0.328066
0.328903
0.328088
0.328110
0.329263
0.330792
0.332313
0.330052
0.328525
0.330844
0.330430
0.330747
0.330781
0.331191
0.331604
0.330896
0.332868
0.332704
0.330280
0.330341
0.331330
0.331993
0.332883
0.332190
0.331928
0.330040
0.330349
0.330529
0.330224
0.330513
0.337003
0.334244
0.334797
0.334945
0.336067
0.337608
0.337115
0.335779
0.335945
0.335855
0.335295
0.335614
0.335563
0.336506
0.336776
0.335118
0.334648
0.332243
0.332502
0.333156
0.334925
0.334446
0.334157
0.333808
0.333268
0.332274
0.333395
0.334611
0.331495
0.333377
0.334134
0.334971
0.335365
0.338691
0.337260
0.337361
0.337323
0.337247
0.334653
0.336729
0.334752
0.336280
0.336446
0.338458
0.336923
0.336165
0.335197
0.334929
0.333918
0.335409
0.336007
0.333249
0.331948
0.333941
0.333832
0.332896
0.334655
0.337388
0.334655
0.332713
0.329964
0.331078
0.331580
0.330808
0.331938
0.329087
0.327472
0.328402
0.329893
0.329739
0.329704
0.325780
0.325314
0.325483
0.324394
0.324755
0.324364
0.325270
0.323836
0.322291
0.323887
0.326049
0.325722
0.326498
0.323190
0.320546
0.322030
0.323496
0.326605
0.325362
0.326605
0.326739
0.328572
0.324775
0.324945
0.326151
0.326371
0.325294
0.322661
0.321900
0.321978
0.320418
0.319551
0.319305
0.320791
0.320217
0.319635
0.320057
0.319433
0.318784
0.318960
0.320805
0.321081
0.321825
0.320951
0.319939
0.320112
0.320224
0.323403
0.323471
0.322958
0.320889
0.321538
0.320413
0.319596
0.320783
0.322699
0.322826
0.322014
0.322217
0.322920
0.319822
0.318735
0.319822
0.319468
0.318091
0.318027
0.318758
0.318419
0.317559
0.316814
0.320237
0.318818
0.322083
0.323189
0.322392
0.320425
0.320973
0.321240
0.322672
0.320254
0.320599
0.321373
0.322380
0.322432
0.319710
0.319027
0.317015
0.316136
0.314816
0.310203
0.313614
0.312958
0.320019
0.319869
0.321205
0.321205
0.318045
0.317173
0.315570
0.316029
0.313470
0.314869
0.315268
0.315362
0.321447
0.321060
0.322127
0.322362
0.323735
0.324445
0.324503
0.325057
0.325187
0.324339
0.323088
0.324846
0.322493
0.324846
0.323781
0.325312
0.320883
0.318790
0.319390
0.318348
0.318589
0.321504
0.321813
0.320702
0.317428
0.318245
0.320178
0.320392
0.320045
0.318375
0.317740
0.318632
0.316232
0.319054
0.321947
0.320091
0.318733
0.321703
0.320933
0.320377
0.319102
0.318941
0.320394
0.320968
0.317724
0.318447
0.316301
0.315541
0.314812
0.312116
0.312097
0.314562
0.317759
0.315010
0.312956
0.315517
0.312637
0.312808
0.311253
0.313443
0.314420
0.312566
0.313834
0.315030
0.313481
0.313889
0.312309
0.313680
0.316589
0.315689
0.316589
0.313281
0.313274
0.314570
0.314394
0.315347
0.314940
0.316168
0.315853
0.316452
0.316089
0.316379
0.317270
0.315990
0.319477
0.321375
0.321550
0.321034
0.319531
0.317637
0.317057
0.319640
0.321105
0.320344
0.320741
0.322063
0.322218
0.321001
0.321367
0.322122
0.322156
0.323128
0.323540
0.322528
0.323154
0.323804
0.324655
0.325722
0.323265
0.323265
0.322092
0.323139
0.321171
0.322800
0.323938
0.324220
0.322897
0.323236
0.321400
0.321236
0.322697
0.323231
0.324003
0.322748
0.323057
0.323538
0.321452
0.320663
0.321148
0.324918
0.325336
0.325997
0.322979
0.323421
0.323060
0.325046
0.319888
0.319918
0.317042
0.319127
0.317730
0.319818
0.319040
0.316182
0.317456
0.317465
0.317779
0.318930
0.319234
0.319267
0.321410
0.319538
0.319440
0.319097
0.318991
0.318838
0.319964
0.320324
0.320747
0.322566
0.322852
0.321471
0.322500
0.322595
0.322072
0.320824
0.322193
0.322370
0.320919
0.320731
0.321117
0.321404
0.321755
0.316364
0.317200
0.317750
0.316873
0.320764
0.316796
0.318112
0.317262
0.316455
0.315372
0.315789
0.314855
0.316498
0.315045
0.317434
0.316957
0.314463
0.313157
0.313820
0.313029
0.312211
0.312608
0.312941
0.314003
0.316412
0.317128
0.314409
0.315030
0.315943
0.314870
0.313452
0.312178
0.311822
0.312067
0.310875
0.312637
0.311480
0.312022
0.314847
0.314810
0.313890
0.311896
0.310470
0.310883
0.310869
0.310482
0.309791
0.311549
0.313655
0.309654
0.310459
0.309732
0.309566
0.310520
0.309703
0.310708
0.310896
0.312824
0.312572
0.312294
0.311879
0.312294
0.313239
0.313253
0.313957
0.315036
0.313503
0.313414
0.314303
0.314965
0.313713
0.315970
0.311054
0.311096
0.313217
0.313027
0.313665
0.314509
0.312782
0.315289
0.316427
0.313467
0.311707
0.311116
0.311380
0.310952
0.312068
0.313432
0.312339
0.312187
0.311007
0.311749
0.311961
0.309715
0.309619
0.308852
0.309655
0.311217
0.313310
0.309218
0.308282
0.308349
0.308201
0.308057
0.308762
0.306886
0.306827
0.308209
0.309396
0.309362
0.310842
0.311511
0.310308
0.309634
0.310821
0.310802
0.310787
0.310653
0.311110
0.311095
0.313939
0.312342
0.312323
0.313291
0.312935
0.313635
0.314284
0.314467
0.313853
0.313366
0.312627
0.312208
0.311381
0.311381
0.312012
0.309192
0.308926
0.308463
0.308044
0.309407
0.309542
0.308534
0.310529
0.311306
0.311231
0.310789
0.310351
0.311929
0.310314
0.308125
0.308238
0.306231
0.307236
0.307897
0.307664
0.306994
0.305963
0.306994
0.307963
0.306319
0.306429
0.307068
0.306951
0.306984
0.307374
0.307196
0.306804
0.304543
0.304248
0.304543
0.302500
0.304839
0.305379
0.302551
0.299399
0.302097
0.301815
0.305155
0.303781
0.303566
0.303448
0.303388
0.300975
0.300171
0.298181
0.297993
0.298813
0.298265
0.297411
0.300182
0.301803
0.303238
0.304061
0.300638
0.299522
0.298679
0.300561
0.300154
0.298629
0.305300
0.304512
0.305348
0.305041
0.307097
0.308496
0.308807
0.309813
0.309977
0.310627
0.310742
0.310972
0.313238
0.314725
0.314828
0.313984
0.312487
0.314044
0.316697
0.313351
0.312950
0.313418
0.313936
0.315261
0.316144
0.310807
0.310372
0.310956
0.311947
0.311469
0.312873
0.312423
0.311065
0.313581
0.315228
0.315137
0.315919
0.315396
0.314347
0.315380
0.314645
0.314085
0.314128
0.314128
0.313891
0.311876
0.313672
0.315502
0.315447
0.314964
0.316586
0.314964
0.312522
0.313602
0.310759
0.314356
0.315674
0.315902
0.317309
0.315999
0.317331
0.317551
0.319819
0.318581
0.317746
0.320569
0.320638
0.322117
0.322293
0.322185
0.320536
0.320574
0.319791
0.320265
0.320271
0.322417
0.322219
0.321780
0.321382
0.320707
0.320232
0.321650
0.321271
0.321446
0.319767
0.318425
0.316370
0.316097
0.316130
0.316140
0.315011
0.316394
0.318022
0.318349
0.316152
0.315722
0.318169
0.318073
0.316531
0.317032
0.317333
0.314356
0.318339
0.313992
0.316353
0.315863
0.316535
0.316615
0.312133
0.315562
0.315970
0.312737
0.311323
0.310155
0.311317
0.312491
0.310354
0.310250
0.309209
0.309912
0.311451
0.311888
0.311451
0.310242
0.309611
0.310843
0.311101
0.309310
0.311101
0.313107
0.312368
0.314043
0.315191
0.314680
0.315561
0.311639
0.311974
0.310812
0.313123
0.308346
0.307505
0.307565
0.311823
0.309695
0.311665
0.309613
0.310574
0.311461
0.313580
0.310732
0.315012
0.315623
0.316958
0.315773
0.315575
0.315597
0.315165
0.312533
0.312200
0.311976
0.309310
0.308907
0.311070
0.311693
0.310575
0.310629
0.316771
0.317462
0.315793
0.315373
0.312432
0.312708
0.312129
0.310782
0.315598
0.316157
0.316616
0.316734
0.315064
0.314146
0.314956
0.314344
0.314036
0.315199
0.313819
0.313874
0.313716
0.314184
0.314680
0.315512
0.315595
0.316341
0.316634
0.314073
0.315246
0.314718
0.312891
0.313336
0.312715
0.314617
0.314635
0.313432
0.312867
0.313530
0.314168
0.314339
0.312542
0.315114
0.317637
0.316879
0.316435
0.318203
0.320103
0.317389
0.313318
0.316490
0.318573
0.318306
0.314100
0.314124
0.314330
0.312624
0.312624
0.312309
0.313899
0.311297
0.309698
0.310663
0.311306
0.310203
0.312576
0.313898
0.313526
0.313167
0.313181
0.311890
0.311890
0.310236
0.310834
0.310106
0.310011
0.308441
0.305711
0.309143
0.311366
0.310654
0.311445
0.308396
0.306920
0.308090
0.308315
0.306689
0.305308
0.305381
0.304366
0.303542
0.303826
0.303823
0.305545
0.305666
0.305149
0.306709
0.306693
0.308527
0.309826
0.308707
0.305435
0.305683
0.305124
0.304190
0.302736
0.303365
0.301988
0.301453
0.302324
0.301635
0.303669
0.302352
0.302204
0.302223
0.302998
0.303410
0.305881
0.304888
0.302237
0.302845
0.302993
0.306324
0.306455
0.306379
0.308831
0.307572
0.304297
0.301422
0.302722
0.299290
0.300724
0.299773
0.298122
0.298814
0.298746
0.299622
0.304060
0.302011
0.302221
0.302430
0.298901
0.300680
0.301113
0.298982
0.297881
0.301077
0.301536
0.301077
0.304687
0.301414
0.300981
0.298754
0.300379
0.300379
0.299107
0.300951
0.302487
0.305241
0.302912
0.303856
0.302748
0.307646
0.311444
0.309108
0.308393
0.307268
0.310024
0.310744
0.305979
0.308798
0.307792
0.307528
0.307259
0.306909
0.308494
0.307208
0.306488
0.306176
0.306984
0.307520
0.309147
0.309249
0.310288
0.309905
0.309223
0.309526
0.309321
0.312162
0.311563
0.312640
0.309449
0.307863
0.309286
0.312115
0.309736
0.309677
0.309094
0.310620
0.310346
0.308683
0.306455
0.307511
0.307874
0.310964
0.312593
0.309921
0.310698
0.311673
0.311341
0.310748
0.312054
0.311616
0.312478
0.311987
0.312525
0.308968
0.313117
0.309067
0.309490
0.310703
0.310144
0.309122
0.309347
0.309233
0.311458
0.310397
0.312768
0.311397
0.311694
0.309701
0.309665
0.310392
0.308570
0.309876
0.308154
0.305607
0.307923
0.309335
0.309928
0.308210
0.309576
0.310150
0.310150
0.311580
0.311317
0.312224
0.312524
0.312790
0.312924
0.315307
0.318820
0.316709
0.318230
0.318578
0.317723
0.317723
0.319200
0.319833
0.319403
0.320830
0.324453
0.321312
0.319329
0.315513
0.313978
0.314744
0.314560
0.314568
0.315359
0.313128
0.313449
0.311936
0.312993
0.312984
0.312410
0.312947
0.314569
0.314987
0.315544
0.315970
0.323666
0.324376
0.324439
0.323405
0.323391
0.323399
0.323719
0.323401
0.325969
0.326361
0.325537
0.325669
0.323771
0.322260
0.321784
0.321344
0.318053
0.316408
0.318553
0.317076
0.320180
0.319658
0.317800
0.320150
0.318916
0.318916
0.316465
0.317568
0.314189
0.317419
0.317020
0.316993
0.316460
0.316020
0.314390
0.315338
0.313198
0.313205
0.317341
0.313205
0.307845
0.307304
0.312068
0.309014
0.307326
0.308556
0.306305
0.309504
0.306804
0.306956
0.307349
0.306204
0.306097
0.305102
0.307455
0.305269
0.310223
0.309528
0.306622
0.303125
0.302919
0.305127
0.305284
0.307053
0.307696
0.307045
0.307828
0.311311
0.311547
0.310346
0.307019
0.307998
0.309630
0.311975
0.306857
0.306839
0.302871
0.301637
0.304188
0.305576
0.304919
0.305570
0.304484
0.308761
0.309032
0.311023
0.310146
0.310721
0.312394
0.313118
0.312042
0.313596
0.307775
0.309274
0.308779
0.308975
0.308682
0.310825
0.311112
0.310644
0.310813
0.309500
0.309945
0.309500
0.309114
0.310069
0.309229
0.309240
0.309552
0.309359
0.311581
0.309839
0.308256
0.308152
0.308436
0.307444
0.308539
0.313668
0.309964
0.309732
0.308361
0.314229
0.311279
0.311852
0.311263
0.310733
0.314574
0.313833
0.310967
0.309638
0.309354
0.309270
0.311542
0.312445
0.312609
0.311832
0.308556
0.307297
0.306263
0.306637
0.306236
0.305016
0.305057
0.304988
0.304700
0.304281
0.305672
0.305765
0.305362
0.306221
0.306221
0.305911
0.306273
0.305991
0.305806
0.307691
0.305505
0.303572
0.304810
0.305921
0.306645
0.305617
0.304431
0.301990
0.302136
0.303702
0.303614
0.303271
0.303871
0.305720
0.306308
0.306676
0.310113
0.308839
0.309668
0.309811
0.312424
0.309442
0.307950
0.306894
0.308507
0.307657
0.307701
0.307116
0.307764
0.308272
0.307354
0.307479
0.305177
0.306314
0.305303
0.304384
0.305425
0.306835
0.305696
0.306982
0.306614
0.306296
0.306789
0.304927
0.305016
0.304972
0.305249
0.304433
0.304590
0.305420
0.305981
0.304340
0.302552
0.306246
0.306366
0.303309
0.305062
0.304877
0.304083
0.303236
0.305378
0.304538
0.304658
0.302923
0.305204
0.304397
0.303970
0.303068
0.303458
0.303228
0.300997
0.301109
0.301265
0.301899
0.301523
0.298878
0.299482
0.301188
0.301871
0.302468
0.302762
0.302043
0.302526
0.303136
0.303979
0.304509
0.303458
0.303552
0.304293
0.303479
0.305590
0.305238
0.305285
0.306085
0.306635
0.307120
0.306532
0.305744
0.303711
0.302789
0.301543
0.301431
0.303316
0.305045
0.305195
0.305274
0.301627
0.303349
0.303681
0.303176
0.310975
0.310235
0.311466
0.309727
0.310390
0.309799
0.309533
0.310894
0.311553
0.312654
0.310431
0.309427
0.309871
0.311153
0.310375
0.312302
0.308761
0.308432
0.308202
0.309833
0.310811
0.311432
0.312398
0.311232
0.310596
0.311252
0.310489
0.310773
0.314226
0.312901
0.314667
0.314821
0.312113
0.312829
0.312500
0.311683
0.310496
0.309960
0.311213
0.314261
0.313754
0.310691
0.310346
0.310951
0.314889
0.313589
0.314079
0.314313
0.315144
0.315106
0.317055
0.316963
0.317720
0.313584
0.313563
0.318656
0.317748
0.316927
0.316715
0.315518
0.313188
0.314515
0.313948
0.314046
0.314631
0.315106
0.314105
0.310256
0.310020
0.309335
0.311214
0.310903
0.306572
0.305598
0.305713
0.307395
0.311432
0.312143
0.308226
0.310945
0.308321
0.310248
0.310724
0.309849
0.310874
0.313483
0.314475
0.314198
0.313134
0.316464
0.314742
0.315475
0.314942
0.316917
0.317453
0.316008
0.317216
0.316224
0.313465
0.315785
0.315737
0.313382
0.313987
0.315112
0.313468
0.315264
0.314866
0.313093
0.308322
0.317566
0.316204
0.313003
0.314338
0.313329
0.313290
0.319883
0.319495
0.318180
0.317639
0.318417
0.318620
0.317492
0.318238
0.320044
0.322674
0.319180
0.319034
0.318727
0.317460
0.320355
0.318290
0.318986
0.318539
0.318844
0.319503
0.320804
0.321658
0.323048
0.322904
0.325038
0.326534
0.325345
0.325383
0.325748
0.325161
0.327194
0.327209
0.326525
0.325883
0.326385
0.326849
0.328160
0.327759
0.327985
0.328441
0.328719
0.328895
0.329361
0.327326
0.328758
0.325474
0.325440
0.325846
0.326398
0.326651
0.326020
0.325184
0.325342
0.324344
0.324337
0.324088
0.324666
0.325484
0.325174
0.325645
0.327434
0.327297
0.324438
0.326009
0.328002
0.327547
0.328728
0.329627
0.331742
0.331472
0.331479
0.330183
0.326731
0.327165
0.327713
0.328435
0.328236
0.328811
0.328549
0.327773
0.329326
0.329061
0.329253
0.329199
0.329247
0.327486
0.328071
0.329158
0.330521
0.331775
0.333147
0.334025
0.332356
0.331447
0.332183
0.331003
0.329805
0.328789
0.331185
0.331015
0.330091
0.330719
0.330671
0.331101
0.331919
0.331394
0.331987
0.331839
0.333036
0.332152
0.331581
0.329504
0.329528
0.329610
0.329860
0.326369
0.327704
0.327392
0.326843
0.327698
0.328101
0.327354
0.328851
0.329408
0.330607
0.331525
0.332027
0.331899
0.331883
0.330093
0.331631
0.329831
0.330282
0.332128
0.330738
0.327834
0.329814
0.331378
0.330178
0.329648
0.330088
0.328414
0.329313
0.329542
0.331146
0.328771
0.330121
0.328772
0.329128
0.330292
0.328441
0.327740
0.330675
0.329202
0.328147
0.328761
0.329856
0.330576
0.329760
0.329736
0.330070
0.328853
0.326379
0.326635
0.326858
0.325071
0.325491
0.326124
0.327138
0.326216
0.325292
0.327959
0.327718
0.327486
0.329769
0.329314
0.330144
0.329366
0.329399
0.329934
0.329663
0.332267
0.332412
0.331956
0.331502
0.331628
0.330856
0.331503
0.330741
0.328294
0.328293
0.327003
0.327521
0.327333
0.327087
0.326429
0.325690
0.325859
0.326088
0.325653
0.325074
0.323667
0.323492
0.323301
0.322949
0.323151
0.320711
0.321254
0.322394
0.322182
0.319564
0.316862
0.317779
0.319623
0.320368
0.319824
0.320024
0.321353
0.321872
0.320964
0.318479
0.320191
0.318830
0.319152
0.320104
0.322427
0.324890
0.325676
0.325436
0.327051
0.326126
0.325722
0.325082
0.325046
0.325917
0.323165
0.321984
0.321626
0.320271
0.320029
0.320194
0.321243
0.320350
0.320340
0.321463
0.321341
0.320136
0.320194
0.320185
0.320479
0.321115
0.320450
0.319772
0.321458
0.320787
0.321332
0.320722
0.322820
0.325573
0.325122
0.323968
0.323120
0.324806
0.324536
0.319420
0.320320
0.319343
0.318747
0.318395
0.318647
0.318723
0.318724
0.317889
0.318570
0.319695
0.317556
0.316858
0.316132
0.318311
0.320834
0.320121
0.319971
0.320759
0.321831
0.322117
0.321831
0.321830
0.324600
0.325419
0.325328
0.327403
0.331247
0.331592
0.332193
0.332968
0.328854
0.326818
0.326793
0.326818
0.326541
0.326059
0.326134
0.324747
0.324262
0.325024
0.320399
0.318689
0.319449
0.319334
0.323305
0.322723
0.322281
0.322343
0.321659
0.321766
0.323875
0.319722
0.318454
0.320177
0.321236
0.321625
0.321276
0.322192
0.320450
0.322325
0.322601
0.323413
0.322263
0.323664
0.321961
0.320950
0.321526
0.320870
0.321020
0.322107
0.325364
0.326546
0.327248
0.324254
0.329317
0.327873
0.327420
0.326397
0.327420
0.324437
0.323159
0.322973
0.321282
0.324685
0.324826
0.324413
0.324971
0.323858
0.321643
0.321931
0.322194
0.319368
0.318875
0.318760
0.319146
0.319506
0.319745
0.320153
0.320377
0.321155
0.319969
0.320937
0.320790
0.321061
0.320255
0.317458
0.318026
0.318048
0.317603
0.318707
0.314112
0.316835
0.317091
0.315459
0.317738
0.318156
0.320324
0.317725
0.317343
0.315798
0.315152
0.320760
0.317656
0.318057
0.320360
0.317287
0.318966
0.315831
0.315062
0.314070
0.315458
0.317423
0.317320
0.315399
0.315535
0.314266
0.312255
0.309123
0.310575
0.310030
0.310399
0.309360
0.308455
0.307894
0.308167
0.308001
0.307616
0.309330
0.308269
0.306895
0.306583
0.306345
0.307192
0.304273
0.307286
0.310559
0.310352
0.310644
0.310818
0.310821
0.311161
0.312602
0.312297
0.313438
0.316838
0.316366
0.312722
0.313242
0.313764
0.313891
0.317712
0.317048
0.315460
0.315174
0.319005
0.318228
0.317970
0.317744
0.321233
0.320644
0.320989
0.320156
0.319641
0.321655
0.322306
0.319739
0.319511
0.319652
0.319308
0.319639
0.319890
0.317759
0.318882
0.320590
0.321363
0.321103
0.320677
0.319953
0.320615
0.321802
0.316880
0.318249
0.317879
0.316392
0.315683
0.315114
0.315706
0.316543
0.316179
0.315348
0.314715
0.317001
0.316397
0.317449
0.318752
0.317251
0.317464
0.316234
0.316239
0.320424
0.321070
0.323285
0.326416
0.326252
0.325231
0.325055
0.325627
0.326935
0.326739
0.326268
0.326693
0.325695
0.323874
0.325177
0.325050
0.326134
0.324905
0.325012
0.325187
0.324087
0.325636
0.327127
0.326314
0.327254
0.326508
0.324838
0.321944
0.322131
0.320055
0.320160
0.319314
0.320348
0.324865
0.322865
0.321456
0.323011
0.323603
0.324724
0.323524
0.323438
0.324243
0.324940
0.324454
0.324417
0.324382
0.322480
0.321892
0.322085
0.323244
0.321983
0.321381
0.321956
0.323314
0.323197
0.323917
0.323032
0.322178
0.322226
0.321378
0.321209
0.322566
0.321788
0.321280
0.318175
0.319051
0.320285
0.319286
0.317734
0.313355
0.313871
0.316019
0.315867
0.312641
0.312517
0.312709
0.312102
0.311882
0.312718
0.312398
0.314565
0.313149
0.313856
0.311187
0.312261
0.310891
0.310772
0.311636
0.310827
0.308418
0.308676
0.307097
0.307363
0.308800
0.307667
0.306683
0.306168
0.306584
0.307647
0.307547
0.309008
0.309658
0.309149
0.307346
0.306400
0.306095
0.303952
0.302561
0.303254
0.302109
0.303090
0.302116
0.302357
0.302932
0.303281
0.301703
0.304197
0.302711
0.302066
0.301947
0.300896
0.299517
0.300315
0.302589
0.306049
0.308718
0.308663
0.309290
0.309860
0.310630
0.308376
0.309994
0.307563
0.308508
0.307585
0.307288
0.306311
0.306090
0.305930
0.306709
0.306179
0.305383
0.305622
0.304552
0.306202
0.307264
0.306004
0.307317
0.309128
0.309411
0.308707
0.308143
0.308598
0.309106
0.308839
0.310107
0.310459
0.309206
0.303458
0.303540
0.303449
0.302709
0.304490
0.303764
0.304258
0.303986
0.304444
0.303483
0.302820
0.300803
0.301864
0.302663
0.302326
0.302379
0.300540
0.300075
0.300857
0.300966
0.300875
0.300688
0.302108
0.301385
0.301700
0.302190
0.302324
0.302759
0.304172
0.303963
0.303741
0.304877
0.304430
0.304224
0.303607
0.304920
0.303276
0.307803
0.307309
0.306903
0.306520
0.306636
0.308014
0.309143
0.308001
0.307525
0.308713
0.310985
0.311589
0.310871
0.310882
0.311107
0.312247
0.311172
0.311604
0.312347
0.311038
0.311638
0.311697
0.311162
0.312838
0.313216
0.312587
0.313002
0.312416
0.313643
0.311850
0.311685
0.310738
0.312382
0.311832
0.313368
0.312493
0.314118
0.313218
0.311911
0.311799
0.311690
0.310973
0.310696
0.313055
0.312327
0.313174
0.315151
0.314875
0.313231
0.314831
0.314991
0.314278
0.314444
0.315142
0.316072
0.317580
0.318591
0.317251
0.315706
0.314195
0.313809
0.314458
0.314530
0.316176
0.315290
0.314557
0.313190
0.315772
0.318175
0.317947
0.317229
0.317165
0.314653
0.315497
0.316783
0.314570
0.315505
0.316355
0.314289
0.315012
0.315165
0.313061
0.311998
0.312684
0.313386
0.313701
0.312971
0.312684
0.314502
0.315353
0.313363
0.317753
0.317667
0.318657
0.319025
0.318334
0.318837
0.318495
0.319506
0.320759
0.320871
0.320569
0.319759
0.321653
0.321470
0.321797
0.320631
0.319266
0.321088
0.321431
0.318318
0.318779
0.318569
0.317418
0.318197
0.319372
0.318465
0.316684
0.317198
0.315503
0.315625
0.314616
0.313317
0.313291
0.314302
0.317102
0.314974
0.315899
0.315518
0.313820
0.315997
0.313304
0.316171
0.315358
0.315050
0.315028
0.314535
0.314001
0.313526
0.313985
0.313157
0.313813
0.313681
0.313981
0.314500
0.314466
0.314518
0.312368
0.313557
0.315214
0.315043
0.317037
0.317117
0.317436
0.317639
0.317207
0.316481
0.316336
0.314945
0.315057
0.313016
0.312973
0.314588
0.315759
0.316626
0.319091
0.317798
0.317131
0.314383
0.318589
0.318144
0.319358
0.319888
0.320802
0.319887
0.318925
0.319126
0.318898
0.322238
0.319496
0.319504
0.319250
0.319147
0.316094
0.320887
0.319157
0.319188
0.316479
0.316492
0.315849
0.316114
0.316495
0.318211
0.319796
0.320866
0.320927
0.319376
0.320152
0.320358
0.319580
0.318142
0.317702
0.318886
0.318473
0.317698
0.317457
0.317879
0.315311
0.318333
0.318528
0.318967
0.320484
0.319869
0.317346
0.317434
0.318987
0.319852
0.318700
0.317120
0.316662
0.316523
0.316979
0.315424
0.317688
0.315068
0.315403
0.316607
0.316774
0.317451
0.317879
0.318166
0.318224
0.318925
0.319302
0.318470
0.317854
0.315620
0.314927
0.312838
0.310940
0.310369
0.309456
0.310224
0.311526
0.312981
0.313963
0.312901
0.312597
0.312880
0.312460
0.313691
0.314496
0.313908
0.314819
0.316185
0.317524
0.318329
0.318432
0.321816
0.321696
0.321192
0.322401
0.323899
0.323512
0.323322
0.324911
0.323978
0.328138
0.328681
0.327756
0.325721
0.323650
0.325269
0.322664
0.321763
0.319135
0.319605
0.320069
0.318468
0.316731
0.316922
0.316016
0.317422
0.317069
0.316338
0.316327
0.314910
0.316814
0.315701
0.317434
0.318057
0.319025
0.317567
0.319683
0.318031
0.317566
0.316776
0.316538
0.315719
0.316201
0.316894
0.317095
0.316177
0.315626
0.314433
0.314276
0.314836
0.315174
0.314188
0.313476
0.313314
0.314541
0.316334
0.317782
0.316900
0.317829
0.319007
0.318132
0.315890
0.315878
0.316513
0.315127
0.313915
0.313089
0.314759
0.314996
0.318066
0.319534
0.317851
0.316655
0.315983
0.315157
0.315404
0.316435
0.318884
0.318274
0.317273
0.313166
0.314108
0.315217
0.316965
0.316620
0.317307
0.317228
0.315911
0.315762
0.318730
0.320401
0.320483
0.316777
0.320851
0.322723
0.319147
0.320114
0.320764
0.321134
0.320489
0.320805
0.320694
0.317557
0.317209
0.316437
0.314908
0.314651
0.314901
0.317811
0.316740
0.317811
0.317898
0.319758
0.317611
0.319036
0.319284
0.319679
0.317836
0.318318
0.318020
0.316554
0.317612
0.316322
0.318640
0.318746
0.319091
0.318793
0.320396
0.319877
0.321283
0.318230
0.318670
0.319964
0.321395
0.321492
0.324298
0.323978
0.323322
0.324921
0.323260
0.323583
0.324643
0.324055
0.320801
0.321549
0.321774
0.323128
0.323167
0.322779
0.323473
0.318570
0.319459
0.321602
0.321029
0.322714
0.321434
0.319389
0.318551
0.315903
0.315940
0.313866
0.317062
0.317187
0.317299
0.315521
0.316279
0.318092
0.317551
0.318080
0.318792
0.318738
0.319517
0.319025
0.321352
0.320677
0.319575
0.321131
0.323142
0.323697
0.321760
0.323601
0.325923
0.325108
0.323069
0.323557
0.322951
0.323392
0.324110
0.322821
0.325830
0.324609
0.322659
0.323240
0.323253
0.321698
0.320645
0.320498
0.320089
0.323229
0.323018
0.321014
0.320904
0.320120
0.320696
0.318754
0.319900
0.319336
0.318980
0.318561
0.319014
0.315945
0.317319
0.314895
0.316221
0.321203
0.322504
0.322309
0.323204
0.323792
0.323204
0.324743
0.325805
0.324608
0.324818
0.326616
0.326987
0.327020
0.325660
0.323247
0.322985
0.322922
0.323559
0.324167
0.325108
0.325920
0.326971
0.325225
0.325330
0.325403
0.325973
0.324814
0.323675
0.323441
0.324796
0.325480
0.322960
0.324524
0.322642
0.322198
0.321947
0.323432
0.322390
0.321955
0.320850
0.319637
0.318796
0.319654
0.324829
0.323246
0.322583
0.323298
0.324806
0.322713
0.322027
0.323260
0.324972
0.325199
0.323545
0.323174
0.325317
0.326262
0.324403
0.324393
0.325080
0.323988
0.323427
0.322786
0.323416
0.324557
0.324151
0.324086
0.320702
0.319350
0.320478
0.320383
0.321427
0.322422
0.320244
0.322224
0.322599
0.323167
0.322012
0.320587
0.323806
0.326598
0.327409
0.328580
0.327896
0.325752
0.326190
0.327158
0.326944
0.324931
0.324484
0.324762
0.324443
0.325604
0.324914
0.323844
0.323005
0.323188
0.324649
0.324573
0.325755
0.325801
0.324220
0.324195
0.323942
0.323424
0.321847
0.323744
0.324815
0.324876
0.325116
0.322291
0.322197
0.320954
0.320682
0.318972
0.318785
0.315010
0.314241
0.314976
0.316779
0.315818
0.317517
0.319243
0.319837
0.320927
0.319247
0.318996
0.319136
0.316697
0.317694
0.318202
0.317616
0.318350
0.317103
0.318021
0.316815
0.316032
0.316298
0.316747
0.316367
0.318447
0.317117
0.315643
0.315173
0.315035
0.316093
0.318920
0.321497
0.320165
0.321703
0.321516
0.319798
0.319599
0.323938
0.324462
0.323138
0.321590
0.320367
0.321014
0.320547
0.320637
0.321678
0.319531
0.319947
0.319987
0.318363
0.319999
0.319227
0.318291
0.317481
0.318588
0.320231
0.320579
0.318889
0.320188
0.322240
0.323050
0.322526
0.321624
0.321176
0.322308
0.321872
0.316719
0.314630
0.316524
0.315609
0.316800
0.316449
0.310859
0.310458
0.310247
0.309464
0.310404
0.310892
0.311280
0.310346
0.310064
0.311227
0.314448
0.317786
0.318293
0.317450
0.318122
0.318148
0.317164
0.317359
0.318348
0.319148
0.317773
0.317707
0.319468
0.318654
0.317738
0.316944
0.320449
0.322539
0.321182
0.318591
0.319251
0.320843
0.321333
0.318894
0.318839
0.319272
0.321681
0.321255
0.321530
0.322103
0.323481
0.323772
0.320272
0.320879
0.320563
0.321448
0.322584
0.321052
0.321529
0.321012
0.321051
0.322137
0.322571
0.322859
0.323537
0.323754
0.323170
0.325648
0.326165
0.324874
0.324122
0.325108
0.324448
0.325235
0.325662
0.325703
0.324508
0.324056
0.324030
0.324531
0.324001
0.324289
0.325281
0.327652
0.327106
0.327007
0.326769
0.325772
0.326022
0.325381
0.325356
0.325282
0.324291
0.323168
0.323442
0.324040
0.324270
0.325308
0.325431
0.325091
0.325370
0.328463
0.330241
0.331953
0.332686
0.331289
0.331434
0.330895
0.331469
0.330242
0.329641
0.330205
0.331793
0.330773
0.331058
0.330321
0.329786
0.331378
0.331598
0.331953
0.333508
0.331053
0.333508
0.332826
0.333427
0.333340
0.333110
0.333953
0.334286
0.333059
0.334128
0.336160
0.333663
0.334796
0.335895
0.335900
0.336075
0.336003
0.336164
0.334916
0.333585
0.333385
0.334282
0.336131
0.335145
0.335537
0.333350
0.332871
0.332805
0.332630
0.335326
0.336308
0.336730
0.337410
0.338079
0.338336
0.338982
0.339824
0.335277
0.338126
0.342096
0.342688
0.341756
0.342090
0.342486
0.340558
0.340945
0.339535
0.337657
0.336832
0.337760
0.337757
0.338431
0.338538
0.338837
0.337980
0.338232
0.337192
0.338852
0.338543
0.337947
0.339348
0.338254
0.340053
0.340805
0.341472
0.341962
0.341990
0.341434
0.341675
0.340987
0.339965
0.337077
0.336703
0.335952
0.335003
0.335761
0.331866
0.332046
0.331570
0.332139
0.332000
0.332462
0.332339
0.333652
0.334802
0.335938
0.336244
0.335747
0.338183
0.338526
0.338139
0.336407
0.336401
0.336287
0.336132
0.334381
0.332595
0.332678
0.332595
0.327835
0.327676
0.329349
0.329584
0.328783
0.328789
0.329453
0.329281
0.328358
0.329444
0.330083
0.329140
0.329313
0.330492
0.329603
0.330305
0.332081
0.333050
0.331833
0.331951
0.333873
0.331854
0.331546
0.331752
0.331882
0.333165
0.331721
0.330885
0.331952
0.331064
0.331435
0.329329
0.331592
0.332465
0.332862
0.333358
0.334955
0.338079
0.339043
0.337425
0.337456
0.337060
0.335829
0.335445
0.336670
0.337570
0.336292
0.334733
0.334757
0.336849
0.334864
0.335060
0.333249
0.333195
0.334264
0.334823
0.335360
0.336177
0.337696
0.339977
0.340061
0.339398
0.339961
0.339235
0.338517
0.338708
0.336791
0.337763
0.336948
0.336075
0.336937
0.337221
0.335265
0.333283
0.334020
0.331869
0.332681
0.333286
0.331698
0.330941
0.329759
0.331595
0.332259
0.330582
0.329904
0.331306
0.331798
0.330998
0.333323
0.333095
0.330501
0.330622
0.330505
0.330448
0.329802
0.329609
0.331098
0.331809
0.329396
0.330249
0.329668
0.329367
0.329383
0.331050
0.333678
0.335316
0.335420
0.336007
0.335906
0.335216
0.335158
0.336400
0.336584
0.334128
0.335711
0.335574
0.335524
0.337211
0.336967
0.339146
0.338602
0.337988
0.337170
0.335914
0.336188
0.335852
0.336272
0.335487
0.338193
0.336637
0.336939
0.337379
0.335902
0.333982
0.335597
0.335520
0.336922
0.338586
0.337526
0.337474
0.336132
0.336039
0.336389
0.337401
0.336166
0.336166
0.338456
0.337236
0.339334
0.339580
0.340078
0.339285
0.339831
0.340120
0.336793
0.335607
0.337135
0.335600
0.336348
0.337234
0.337566
0.337334
0.338059
0.336900
0.336181
0.335193
0.333049
0.332502
0.330031
0.330438
0.331750
0.332136
0.331924
0.332244
0.332743
0.334250
0.335825
0.336008
0.334769
0.334925
0.332357
0.332784
0.333691
0.332767
0.332729
0.332360
0.333101
0.334706
0.336220
0.337138
0.335630
0.334246
0.333953
0.332904
0.330403
0.330271
0.331405
0.332298
0.332438
0.332116
0.335120
0.331251
0.332018
0.332706
0.331189
0.332971
0.333770
0.331603
0.332794
0.333796
0.334590
0.332008
0.332248
0.332057
0.332667
0.333333
0.333351
0.333644
0.335141
0.334379
0.335189
0.334635
0.334605
0.332930
0.332642
0.333652
0.331937
0.330040
0.331088
0.327552
0.326824
0.324340
0.323352
0.324069
0.323854
0.327299
0.327689
0.326868
0.326208
0.326246
0.326602
0.326934
0.327014
0.327155
0.327481
0.327387
0.325818
0.325649
0.324809
0.325738
0.326059
0.325474
0.325274
0.322844
0.323813
0.324352
0.324559
0.326027
0.324917
0.323904
0.324567
0.325515
0.324194
0.324198
0.324594
0.325396
0.325715
0.325078
0.326143
0.327428
0.327021
0.324730
0.325970
0.327160
0.328143
0.326804
0.327587
0.328306
0.327565
0.328884
0.326960
0.328279
0.327097
0.326168
0.326498
0.327060
0.328283
0.329398
0.328712
0.329688
0.329880
0.329582
0.330765
0.331054
0.331355
0.331896
0.334023
0.334450
0.332567
0.332693
0.331670
0.335115
0.334178
0.335080
0.336649
0.337379
0.338647
0.339207
0.340250
0.339682
0.340197
0.338863
0.336887
0.336124
0.335726
0.337114
0.337029
0.339644
0.337819
0.335533
0.336463
0.337500
0.338961
0.338345
0.336138
0.334465
0.334757
0.334862
0.335580
0.336129
0.335417
0.336415
0.338382
0.336708
0.337898
0.338857
0.338243
0.340474
0.340692
0.341305
0.341950
0.342195
0.341847
0.339885
0.339508
0.339595
0.337205
0.338388
0.337953
0.336614
0.337212
0.338054
0.336714
0.336090
0.336120
0.336317
0.338007
0.337243
0.338392
0.336612
0.338194
0.338745
0.338533
0.338034
0.338621
0.337993
0.337297
0.336787
0.338175
0.337231
0.338459
0.338114
0.336874
0.336337
0.338173
0.339235
0.340322
0.339354
0.338679
0.337728
0.336338
0.337192
0.336266
0.336158
0.336528
0.338994
0.339376
0.339169
0.339423
0.337914
0.337038
0.335592
0.337038
0.338962
0.338962
0.337907
0.337942
0.341083
0.339035
0.341257
0.340823
0.341613
0.338294
0.336081
0.337920
0.335453
0.335897
0.334749
0.334748
0.334749
0.336011
0.334752
0.334745
0.333981
0.335067
0.334836
0.339854
0.339406
0.339407
0.338984
0.336917
0.335267
0.334898
0.335066
0.335041
0.332016
0.334117
0.333722
0.333034
0.335633
0.337246
0.336998
0.335530
0.335355
0.334386
0.334350
0.334579
0.334430
0.335396
0.335332
0.336195
0.336397
0.336560
0.337343
0.335584
0.336099
0.335090
0.334505
0.334551
0.334180
0.333892
0.336115
0.335678
0.335061
0.335396
0.336939
0.336983
0.335818
0.337592
0.335818
0.335916
0.334264
0.334172
0.334074
0.333348
0.333802
0.334477
0.337361
0.336797
0.338101
0.339886
0.339448
0.337590
0.337752
0.337582
0.337816
0.338130
0.338329
0.339304
0.338504
0.338781
0.339908
0.339196
0.337775
0.337282
0.337133
0.335259
0.333255
0.334130
0.333294
0.335574
0.335884
0.335848
0.335337
0.336522
0.335851
0.334444
0.335340
0.334791
0.334046
0.333996
0.335057
0.334167
0.332923
0.333457
0.334017
0.333880
0.335618
0.335176
0.335359
0.335678
0.338894
0.338894
0.338479
0.337835
0.340012
0.340799
0.341222
0.343105
0.343997
0.343965
0.343880
0.344441
0.345824
0.344210
0.343410
0.345301
0.344173
0.347239
0.346683
0.345223
0.344235
0.344394
0.344262
0.346877
0.347734
0.344557
0.343650
0.343788
0.343703
0.342936
0.341813
0.341205
0.340825
0.341304
0.343248
0.342743
0.342632
0.341782
0.341895
0.342524
0.342868
0.340608
0.341693
0.342029
0.341031
0.340223
0.339544
0.339919
0.339499
0.340224
0.339430
0.338206
0.338819
0.340598
0.340948
0.339175
0.339275
0.339677
0.340773
0.340253
0.337632
0.336969
0.336697
0.339695
0.339170
0.338814
0.338814
0.337650
0.336695
0.335473
0.335557
0.332092
0.332552
0.332097
0.333010
0.334200
0.334178
0.333013
0.332950
0.332939
0.332616
0.332349
0.330853
0.331112
0.330677
0.330044
0.329912
0.330098
0.330319
0.331025
0.333445
0.332378
0.332606
0.334148
0.334115
0.334846
0.336711
0.337181
0.334498
0.329831
0.330859
0.330613
0.326330
0.325601
0.327417
0.328595
0.329139
0.329403
0.330718
0.329714
0.330095
0.329085
0.328327
0.329006
0.325871
0.324909
0.324639
0.325939
0.325867
0.325087
0.323702
0.323898
0.323118
0.323769
0.324663
0.324267
0.323932
0.323184
0.323923
0.323944
0.326124
0.324910
0.325910
0.324805
0.325580
0.324623
0.323770
0.324179
0.323004
0.323100
0.324435
0.325176
0.325579
0.324285
0.324555
0.323448
0.323580
0.323469
0.322021
0.321350
0.322832
0.323401
0.323611
0.325137
0.324525
0.325637
0.327256
0.327332
0.326796
0.325998
0.327352
0.327642
0.329441
0.330132
0.329477
0.329387
0.328269
0.330545
0.330465
0.330664
0.331344
0.331505
0.331195
0.330355
0.329584
0.331700
0.331575
0.331387
0.332363
0.333464
0.332469
0.333543
0.334435
0.334366
0.335386
0.335271
0.335458
0.335756
0.331370
0.331299
0.327878
0.326679
0.328778
0.328011
0.327352
0.324919
0.325049
0.323740
0.323389
0.322046
0.323236
0.324146
0.324068
0.322760
0.323940
0.323069
0.322544
0.321462
0.321328
0.318870
0.319429
0.319936
0.319177
0.319405
0.322154
0.320555
0.322213
0.321254
0.318082
0.317464
0.317680
0.321203
0.320986
0.320281
0.319394
0.318614
0.318541
0.319168
0.317747
0.319027
0.318663
0.320734
0.320841
0.321399
0.320386
0.318925
0.318103
0.318220
0.316795
0.318419
0.318564
0.318545
0.318499
0.319277
0.318520
0.317960
0.318793
0.318371
0.318385
0.318371
0.317820
0.320362
0.321146
0.320451
0.320788
0.322092
0.326409
0.322733
0.321894
0.323093
0.319166
0.318318
0.317188
0.317493
0.317155
0.314527
0.314896
0.315251
0.315381
0.309684
0.315574
0.316680
0.316350
0.316616
0.319398
0.318004
0.321873
0.322669
0.320205
0.319694
0.319777
0.319685
0.320415
0.320384
0.320597
0.316293
0.316130
0.316130
0.316923
0.320701
0.320249
0.320126
0.320435
0.321184
0.321966
0.322184
0.322540
0.319623
0.319502
0.319897
0.320362
0.322659
0.324260
0.323510
0.324478
0.323996
0.322311
0.323418
0.323545
0.322859
0.322361
0.322230
0.321546
0.322022
0.319625
0.319477
0.319484
0.320553
0.321492
0.319783
0.320068
0.320623
0.321696
0.321267
0.323445
0.320133
0.321637
0.324300
0.325024
0.326398
0.324721
0.322786
0.323352
0.324188
0.324228
0.323560
0.322938
0.321999
0.322329
0.321578
0.321354
0.323551
0.321124
0.320516
0.319952
0.318922
0.317441
0.318658
0.318873
0.317892
0.318532
0.316517
0.318497
0.318082
0.317756
0.317556
0.316421
0.317017
0.315555
0.313777
0.314124
0.315187
0.315001
0.316523
0.315896
0.319601
0.318726
0.318597
0.317262
0.319090
0.320749
0.322496
0.322079
0.322809
0.321544
0.322285
0.324582
0.323615
0.322980
0.322116
0.323015
0.323392
0.319653
0.320826
0.320964
0.318412
0.319068
0.319725
0.320628
0.320432
0.321075
0.321396
0.322395
0.321574
0.319044
0.318558
0.317958
0.319231
0.319754
0.319564
0.317730
0.317952
0.317544
0.316060
0.316060
0.317384
0.318032
0.320926
0.321771
0.322073
0.323487
0.324694
0.324649
0.324733
0.326147
0.325162
0.326406
0.327198
0.325206
0.326375
0.325884
0.325763
0.325413
0.325372
0.324396
0.323673
0.324471
0.324705
0.324086
0.325555
0.324454
0.324234
0.325041
0.323879
0.322444
0.322910
0.322494
0.321977
0.320708
0.319023
0.319637
0.321407
0.324482
0.324942
0.323726
0.325130
0.322175
0.322905
0.323102
0.322187
0.321006
0.321531
0.321602
0.322478
0.322582
0.322797
0.323204
0.323404
0.320516
0.319337
0.320126
0.319723
0.315951
0.317387
0.315807
0.315467
0.314676
0.315018
0.316359
0.317869
0.319287
0.319810
0.319745
0.322076
0.321160
0.320564
0.319327
0.319400
0.320144
0.322805
0.322137
0.322650
0.323023
0.321334
0.321262
0.321752
0.320942
0.320442
0.319570
0.319595
0.320736
0.317276
0.317570
0.314640
0.315245
0.315263
0.315536
0.316336
0.318825
0.317580
0.317535
0.320732
0.318120
0.317499
0.317890
0.317455
0.317544
0.317771
0.315195
0.317080
0.317755
0.316258
0.314471
0.314942
0.317836
0.317653
0.317469
0.317653
0.318956
0.316570
0.316763
0.318973
0.320026
0.317800
0.318870
0.316784
0.317348
0.316915
0.317497
0.317544
0.317303
0.315751
0.315919
0.316790
0.316570
0.315877
0.316840
0.317266
0.316015
0.316896
0.316699
0.318546
0.320192
0.318694
0.318374
0.317820
0.318838
0.318748
0.317466
0.319406
0.318022
0.318652
0.319421
0.319194
0.319255
0.319052
0.318045
0.320073
0.317820
0.319453
0.318848
0.317586
0.317619
0.316736
0.316629
0.318506
0.318105
0.318939
0.319589
0.320669
0.318816
0.317975
0.317208
0.318794
0.318213
0.317870
0.321712
0.321985
0.321557
0.322014
0.322156
0.320950
0.320339
0.319210
0.319737
0.317745
0.321084
0.321654
0.322036
0.321429
0.322170
0.325010
0.323496
0.323935
0.323294
0.323305
0.324878
0.323891
0.326430
0.325706
0.325619
0.323892
0.322896
0.325305
0.324694
0.327397
0.327489
0.328852
0.327524
0.327346
0.326913
0.326320
0.326692
0.327144
0.326223
0.328599
0.327837
0.326712
0.327074
0.327119
0.326804
0.329651
0.332027
0.330931
0.331230
0.334090
0.334688
0.334731
0.334693
0.338060
0.337307
0.335565
0.337586
0.334536
0.333895
0.334937
0.333533
0.333630
0.332741
0.332360
0.333765
0.335417
0.335230
0.333471
0.333719
0.331879
0.330306
0.330951
0.331055
0.331402
0.330461
0.328533
0.328143
0.324708
0.325926
0.323070
0.323283
0.325271
0.322169
0.322175
0.322211
0.320978
0.322189
0.319225
0.320631
0.319591
0.318701
0.319563
0.319193
0.320278
0.322725
0.321611
0.322053
0.322093
0.320544
0.321668
0.324352
0.324592
0.326442
0.327105
0.328354
0.326427
0.326768
0.326844
0.327234
0.326651
0.327994
0.329342
0.327594
0.326460
0.325460
0.326013
0.325870
0.324109
0.324182
0.325935
0.324925
0.325214
0.324465
0.324857
0.320982
0.320320
0.319164
0.318845
0.319693
0.320552
0.322576
0.322969
0.323746
0.322704
0.323282
0.320791
0.319933
0.322069
0.322400
0.317842
0.318069
0.318480
0.317911
0.316651
0.318815
0.318823
0.318756
0.318950
0.319364
0.318386
0.318722
0.318647
0.318974
0.319381
0.319910
0.321528
0.321068
0.321017
0.320212
0.321003
0.324202
0.323808
0.324044
0.322741
0.324191
0.326086
0.327099
0.325420
0.323001
0.322375
0.321801
0.321716
0.322600
0.320763
0.318591
0.318035
0.318592
0.321209
0.319953
0.318458
0.319046
0.319897
0.319077
0.321161
0.321667
0.324993
0.325011
0.324022
0.325142
0.324768
0.324749
0.324567
0.326849
0.327437
0.327935
0.327783
0.329211
0.331066
0.332659
0.332784
0.332006
0.333260
0.333820
0.333469
0.333140
0.332519
0.335995
0.331859
0.329270
0.329846
0.329169
0.329172
0.329926
0.329926
0.331062
0.327727
0.329211
0.328295
0.328509
0.329889
0.329802
0.328847
0.326921
0.326422
0.324047
0.326610
0.326382
0.324579
0.325164
0.325931
0.326185
0.326384
0.326758
0.327107
0.327018
0.327018
0.326754
0.327352
0.327023
0.327586
0.330170
0.329543
0.329505
0.327769
0.327725
0.327385
0.326400
0.328174
0.327501
0.329550
0.330193
0.329723
0.329117
0.328112
0.327529
0.327993
0.327120
0.327617
0.326833
0.327116
0.327116
0.327406
0.327305
0.327548
0.326604
0.326180
0.325192
0.325591
0.324538
0.324449
0.322905
0.322981
0.321444
0.322462
0.324104
0.322056
0.319127
0.319362
0.319192
0.319662
0.321042
0.322698
0.321878
0.320989
0.318868
0.318379
0.318437
0.319180
0.322447
0.320820
0.320481
0.317790
0.317464
0.316816
0.317168
0.316840
0.319363
0.321648
0.319727
0.320658
0.320128
0.318707
0.317136
0.317203
0.317342
0.318828
0.317377
0.315077
0.315453
0.317001
0.313190
0.314970
0.314942
0.315677
0.317095
0.314821
0.315391
0.316291
0.315416
0.317731
0.318822
0.318450
0.318657
0.317334
0.318354
0.317407
0.317860
0.317209
0.316665
0.317562
0.314978
0.315957
0.316312
0.315980
0.314530
0.315182
0.315150
0.311911
0.313171
0.312708
0.312296
0.312993
0.314801
0.314197
0.316243
0.316857
0.316141
0.313877
0.313928
0.314444
0.313993
0.315134
0.312370
0.312446
0.312384
0.310684
0.311198
0.312875
0.311438
0.313100
0.312737
0.313866
0.313215
0.313002
0.314273
0.313002
0.312482
0.312946
0.311612
0.311760
0.312426
0.313207
0.313822
0.314624
0.314322
0.313400
0.313571
0.313394
0.311512
0.313230
0.313547
0.313678
0.315659
0.314336
0.315043
0.316062
0.317484
0.316763
0.315879
0.315941
0.315291
0.315100
0.316145
0.316781
0.317749
0.317542
0.318837
0.318912
0.317936
0.316760
0.318359
0.318177
0.316539
0.317477
0.315934
0.315708
0.315412
0.313799
0.314706
0.314112
0.314003
0.313440
0.313133
0.310217
0.309250
0.311844
0.311477
0.311563
0.312036
0.313187
0.313703
0.311994
0.312052
0.310535
0.311500
0.312096
0.314320
0.315778
0.316168
0.314252
0.315360
0.315806
0.317436
0.317598
0.317355
0.318976
0.318292
0.318039
0.317744
0.315780
0.317259
0.317813
0.318323
0.317797
0.317355
0.317574
0.317349
0.319963
0.320148
0.319905
0.321237
0.319576
0.322606
0.322520
0.320877
0.321637
0.322009
0.321077
0.319994
0.320820
0.318976
0.318976
0.318879
0.320155
0.319817
0.319365
0.319982
0.319999
0.319247
0.317371
0.316974
0.315784
0.317513
0.317404
0.316662
0.315882
0.316917
0.315237
0.313868
0.316337
0.316004
0.316498
0.318023
0.317394
0.318626
0.318943
0.319260
0.318563
0.320306
0.319834
0.319319
0.319697
0.320844
0.315785
0.314680
0.315196
0.315532
0.316870
0.318466
0.318925
0.318724
0.318265
0.318824
0.318338
0.317367
0.317949
0.316831
0.317187
0.318418
0.319340
0.319248
0.319414
0.319766
0.315449
0.315880
0.315423
0.315325
0.315882
0.315407
0.316671
0.318197
0.320031
0.321184
0.320999
0.320999
0.321074
0.319050
0.317138
0.318690
0.319884
0.319813
0.318857
0.318294
0.318099
0.320852
0.321591
0.322062
0.321354
0.321143
0.320864
0.321226
0.321065
0.322395
0.322818
0.319846
0.323285
0.321687
0.319677
0.318259
0.318201
0.318465
0.319107
0.318077
0.317732
0.320120
0.318033
0.318959
0.319644
0.320099
0.321003
0.320949
0.320051
0.319445
0.319667
0.321996
0.325865
0.324215
0.324682
0.323735
0.324691
0.323935
0.323515
0.323009
0.323768
0.324554
0.324428
0.322948
0.320716
0.321616
0.321202
0.323421
0.321806
0.322457
0.323273
0.324678
0.324569
0.324557
0.323791
0.323260
0.324913
0.325581
0.323910
0.323620
0.323558
0.323198
0.320377
0.320336
0.321316
0.319071
0.318356
0.319105
0.319012
0.320124
0.318082
0.317736
0.317783
0.318803
0.317624
0.318274
0.316550
0.314631
0.314129
0.313854
0.314265
0.313382
0.313810
0.314653
0.314272
0.312682
0.312508
0.313480
0.313909
0.317013
0.316186
0.317758
0.317733
0.318387
0.319825
0.319114
0.319922
0.317266
0.318404
0.318590
0.316691
0.315305
0.315658
0.315021
0.317564
0.318237
0.318633
0.318616
0.314241
0.316749
0.314568
0.315198
0.312083
0.312791
0.313174
0.314259
0.319212
0.318302
0.318582
0.318118
0.319700
0.318057
0.319519
0.318474
0.318701
0.320740
0.320143
0.321001
0.321565
0.321011
0.320873
0.319475
0.317848
0.317765
0.318764
0.317959
0.317382
0.314833
0.318298
0.316145
0.314724
0.314993
0.314511
0.315514
0.314441
0.313729
0.318207
0.319022
0.319714
0.319403
0.317791
0.318408
0.318388
0.316968
0.317062
0.316860
0.315585
0.313079
0.312330
0.313401
0.313307
0.313477
0.311892
0.311856
0.313470
0.313543
0.313674
0.313078
0.313985
0.314332
0.314167
0.314719
0.313349
0.312793
0.312883
0.312081
0.309734
0.310232
0.311824
0.315165
0.315948
0.316376
0.316569
0.316821
0.317785
0.318982
0.320397
0.319980
0.320109
0.319098
0.319420
0.318811
0.319898
0.322084
0.320350
0.320564
0.320221
0.322841
0.323075
0.323841
0.321986
0.322940
0.321797
0.318119
0.318327
0.317983
0.318548
0.317490
0.319471
0.319352
0.319457
0.318567
0.317840
0.317762
0.319523
0.318758
0.318898
0.316609
0.317301
0.317007
0.317424
0.317016
0.317154
0.318321
0.318644
0.318571
0.317363
0.317673
0.318275
0.317964
0.319218
0.317964
0.317641
0.316631
0.317214
0.319382
0.318439
0.318294
0.320077
0.318430
0.319886
0.319182
0.319238
0.319220
0.318401
0.317599
0.318288
0.317915
0.318205
0.318239
0.318509
0.317983
0.319121
0.318156
0.317839
0.318608
0.318771
0.319414
0.321614
0.320078
0.320890
0.319556
0.321575
0.320732
0.318833
0.319733
0.319831
0.318901
0.319986
0.319779
0.319556
0.319670
0.320274
0.320774
0.320390
0.319454
0.318767
0.320873
0.320247
0.320453
0.321971
0.320305
0.321620
0.321474
0.320886
0.322246
0.322948
0.323414
0.319417
0.317917
0.319174
0.319253
0.318452
0.319017
0.318965
0.318927
0.316635
0.319996
0.318003
0.318772
0.319048
0.318230
0.318094
0.318233
0.319036
0.319455
0.319187
0.319280
0.322588
0.322096
0.317217
0.316470
0.317719
0.317746
0.318686
0.319428
0.319136
0.318377
0.317620
0.318156
0.318924
0.319794
0.318411
0.320370
0.320612
0.322189
0.319746
0.319916
0.319038
0.316305
0.317153
0.318019
0.317708
0.317331
0.317659
0.317608
0.316060
0.316395
0.314245
0.314569
0.315594
0.318025
0.318893
0.318599
0.320274
0.321719
0.321212
0.321782
0.321571
0.321974
0.320910
0.324852
0.325388
0.327194
0.325211
0.324103
0.324738
0.324980
0.324300
0.323244
0.323139
0.324615
0.323793
0.324385
0.322555
0.319701
0.319055
0.319033
0.320935
0.319732
0.319542
0.316696
0.318410
0.318856
0.320054
0.317297
0.320819
0.321571
0.322323
0.321850
0.325595
0.327587
0.325866
0.325641
0.327400
0.327266
0.327374
0.326976
0.326842
0.325356
0.324969
0.327037
0.324798
0.325007
0.326255
0.325624
0.325929
0.322669
0.322468
0.323600
0.319853
0.319623
0.318760
0.318357
0.319900
0.318121
0.316790
0.314411
0.314838
0.315945
0.317817
0.316012
0.314320
0.312454
0.313205
0.312459
0.312225
0.312235
0.310852
0.308061
0.308069
0.307786
0.307743
0.312173
0.311086
0.309889
0.308303
0.308422
0.309477
0.310172
0.309582
0.309118
0.309573
0.309352
0.308171
0.311721
0.312292
0.311181
0.312893
0.312996
0.312535
0.312006
0.311998
0.313303
0.312832
0.315572
0.315263
0.315797
0.316537
0.317502
0.316546
0.315846
0.315386
0.317330
0.318256
0.320833
0.321579
0.322175
0.321374
0.321330
0.323133
0.324847
0.323133
0.323399
0.322410
0.320736
0.319686
0.320021
0.320779
0.320321
0.319324
0.319325
0.318938
0.319924
0.318913
0.318899
0.316489
0.316792
0.314815
0.314564
0.314341
0.313772
0.312895
0.313043
0.315099
0.315717
0.311843
0.313213
0.311428
0.310398
0.310674
0.313996
0.314530
0.315211
0.317129
0.314080
0.313249
0.313502
0.315314
0.314583
0.314766
0.316736
0.317423
0.317293
0.315591
0.314302
0.314425
0.314756
0.315485
0.312881
0.312764
0.311858
0.312179
0.310727
0.311634
0.310795
0.311113
0.311041
0.311537
0.310290
0.310001
0.310561
0.310305
0.313609
0.313567
0.313034
0.312476
0.311199
0.311222
0.313610
0.313642
0.313688
0.314096
0.312836
0.312426
0.312849
0.312402
0.312414
0.310594
0.310070
0.309825
0.311953
0.311595
0.311793
0.312092
0.312684
0.314908
0.315534
0.315922
0.315265
0.314686
0.314357
0.313913
0.314420
0.314798
0.314088
0.313870
0.314726
0.312684
0.310734
0.309256
0.309021
0.308498
0.310541
0.308240
0.308762
0.308984
0.307543
0.306600
0.306288
0.307577
0.306865
0.306439
0.306066
0.307604
0.307571
0.307799
0.309666
0.308059
0.308917
0.309257
0.308202
0.307574
0.306495
0.305065
0.305221
0.306303
0.307222
0.307404
0.307322
0.307311
0.307214
0.306388
0.306472
0.306676
0.306275
0.308480
0.308290
0.310261
0.309297
0.310898
0.310570
0.309388
0.310153
0.310438
0.307959
0.308849
0.308548
0.307873
0.308070
0.308386
0.307828
0.306346
0.306445
0.306421
0.306536
0.308241
0.307116
0.307984
0.308851
0.308407
0.312379
0.315140
0.313023
0.312802
0.311983
0.310700
0.310539
0.311585
0.311469
0.312290
0.313414
0.313869
0.316369
0.314605
0.316971
0.317410
0.317519
0.318275
0.317399
0.321071
0.318467
0.319149
0.319144
0.316368
0.317293
0.319286
0.317823
0.316503
0.318131
0.316666
0.315373
0.314526
0.314882
0.313971
0.314476
0.315471
0.316502
0.316058
0.314709
0.315745
0.316268
0.316127
0.317530
0.318333
0.318224
0.316789
0.315873
0.318504
0.318024
0.318465
0.319470
0.318581
0.318024
0.315420
0.315891
0.316234
0.317450
0.316465
0.316471
0.314984
0.316146
0.316560
0.317257
0.317780
0.317559
0.316998
0.317240
0.317361
0.316677
0.316398
0.316514
0.318789
0.317364
0.315670
0.317186
0.317096
0.315001
0.314779
0.314734
0.315369
0.314005
0.314398
0.314644
0.313865
0.313849
0.313799
0.313635
0.313649
0.313833
0.313500
0.311321
0.309220
0.309598
0.310860
0.311507
0.311364
0.312125
0.311364
0.312759
0.311673
0.312517
0.311975
0.311102
0.309866
0.310332
0.309635
0.311456
0.311856
0.312250
0.311979
0.313368
0.313457
0.313211
0.312994
0.315417
0.318066
0.317049
0.319139
0.320915
0.321010
0.320500
0.319714
0.319470
0.319009
0.316705
0.318222
0.318526
0.318601
0.319197
0.320892
0.319492
0.317888
0.315715
0.317290
0.314931
0.314295
0.313283
0.314753
0.313154
0.314598
0.315334
0.316185
0.315138
0.315007
0.316527
0.317115
0.316334
0.316067
0.316072
0.317163
0.318048
0.321237
0.322294
0.322973
0.323426
0.321435
0.322682
0.319605
0.319688
0.319273
0.318479
0.319406
0.319761
0.318791
0.319480
0.320830
0.320273
0.320659
0.320426
0.320921
0.320747
0.322790
0.324271
0.323927
0.322947
0.324042
0.323463
0.322953
0.323596
0.323908
0.322473
0.323115
0.323751
0.323224
0.326411
0.327993
0.326914
0.327196
0.325001
0.323925
0.323607
0.325436
0.325348
0.325531
0.325375
0.326387
0.326592
0.319931
0.319144
0.317496
0.316601
0.317797
0.319168
0.317948
0.317732
0.320151
0.320130
0.321062
0.320988
0.321573
0.320557
0.320812
0.321000
0.321134
0.320588
0.321151
0.322748
0.321974
0.319725
0.320512
0.320395
0.319716
0.319216
0.319561
0.318506
0.318537
0.315790
0.316014
0.315723
0.314324
0.315014
0.314029
0.312781
0.312099
0.312307
0.313751
0.313183
0.313704
0.312440
0.312615
0.315700
0.315548
0.315553
0.314630
0.315444
0.315328
0.315462
0.316147
0.316068
0.316565
0.317438
0.316575
0.319102
0.319854
0.318561
0.321266
0.320640
0.321210
0.319721
0.320067
0.321092
0.319290
0.319828
0.322159
0.321946
0.321806
0.322080
0.322567
0.325048
0.323965
0.324671
0.327573
0.326802
0.326607
0.326348
0.327680
0.327909
0.327360
0.323976
0.322431
0.318983
0.321080
0.322633
0.324962
0.321510
0.319997
0.320645
0.320956
0.322163
0.320205
0.320340
0.320050
0.320239
0.319947
0.320328
0.320796
0.320526
0.322032
0.323300
0.320005
0.319410
0.321286
0.319575
0.320524
0.320822
0.320203
0.320219
0.320362
0.321229
0.322306
0.319204
0.320114
0.317469
0.314706
0.314838
0.316017
0.320249
0.319451
0.318294
0.316766
0.318605
0.318035
0.318671
0.318325
0.317198
0.317312
0.318375
0.318480
0.319846
0.320776
0.317635
0.317449
0.316334
0.315621
0.314462
0.316417
0.319582
0.321378
0.318108
0.319059
0.317892
0.316817
0.314839
0.316326
0.315725
0.315319
0.315140
0.312894
0.316883
0.315176
0.315795
0.314208
0.313042
0.313501
0.314276
0.314392
0.316328
0.316352
0.310893
0.311511
0.311099
0.312014
0.311917
0.311821
0.310685
0.309582
0.309910
0.309524
0.308320
0.306291
0.307043
0.305374
0.307859
0.307549
0.308524
0.308292
0.308458
0.306770
0.305915
0.305522
0.306483
0.305302
0.304679
0.305407
0.304676
0.304676
0.304244
0.302715
0.302058
0.301525
0.301313
0.303031
0.304163
0.306481
0.306315
0.305326
0.306189
0.306176
0.307266
0.307673
0.307796
0.307487
0.307540
0.304834
0.304726
0.306866
0.305990
0.304847
0.307162
0.303345
0.304548
0.305361
0.305420
0.302994
0.304080
0.304371
0.303473
0.310800
0.310726
0.309273
0.308740
0.309621
0.310387
0.307994
0.305673
0.305572
0.307522
0.310093
0.310461
0.311240
0.311375
0.313388
0.312609
0.312730
0.312327
0.312979
0.311184
0.312221
0.311948
0.311584
0.311029
0.309850
0.310304
0.309805
0.310095
0.310323
0.311595
0.312698
0.312950
0.313718
0.313938
0.313580
0.313021
0.314693
0.314519
0.314933
0.315144
0.317441
0.316783
0.316048
0.317267
0.316798
0.318131
0.315360
0.315193
0.315530
0.317705
0.317265
0.320406
0.319428
0.319418
0.319428
0.318120
0.317070
0.316623
0.314553
0.317091
0.315885
0.316325
0.316913
0.317795
0.318080
0.319636
0.318902
0.319557
0.319242
0.319722
0.318670
0.317506
0.316741
0.317252
0.315011
0.314160
0.314851
0.314788
0.314061
0.313945
0.315302
0.316731
0.317469
0.317618
0.318460
0.319204
0.317967
0.316582
0.317736
0.318123
0.316968
0.316503
0.315052
0.316259
0.315166
0.314664
0.314647
0.314308
0.314810
0.315031
0.314827
0.313689
0.313178
0.313602
0.313033
0.314744
0.312567
0.314404
0.313703
0.313923
0.314332
0.314532
0.315942
0.316360
0.316357
0.316106
0.315764
0.317015
0.315889
0.315413
0.314026
0.314868
0.314862
0.316519
0.315650
0.313500
0.312023
0.311471
0.309873
0.309901
0.309175
0.308897
0.308857
0.310611
0.311213
0.309258
0.309180
0.308972
0.308140
0.310456
0.312374
0.311139
0.314494
0.312555
0.314266
0.313314
0.314621
0.312751
0.314032
0.314322
0.314176
0.314720
0.314280
0.314283
0.318076
0.318329
0.318744
0.315365
0.313800
0.314212
0.318457
0.318637
0.319687
0.319919
0.320340
0.322020
0.319468
0.318488
0.319529
0.322005
0.321580
0.321828
0.320500
0.319600
0.317815
0.316521
0.316268
0.311785
0.312049
0.310798
0.311120
0.312805
0.312624
0.313575
0.313234
0.313343
0.312791
0.313646
0.314644
0.313870
0.313329
0.313941
0.312221
0.315499
0.315689
0.316199
0.315193
0.316144
0.316543
0.314532
0.312632
0.312807
0.310480
0.308723
0.308140
0.307934
0.308261
0.310030
0.310598
0.310740
0.311343
0.311556
0.312593
0.313030
0.312512
0.311808
0.311367
0.310739
0.309978
0.310312
0.309633
0.310912
0.309063
0.309819
0.310602
0.310010
0.310619
0.311085
0.311285
0.311089
0.311268
0.309932
0.308887
0.309694
0.309933
0.309861
0.309517
0.310419
0.309270
0.309856
0.310573
0.310592
0.311041
0.310316
0.308527
0.309313
0.311014
0.308577
0.308706
0.308545
0.308287
0.307910
0.307007
0.306954
0.310105
0.308833
0.307765
0.307301
0.308458
0.310218
0.310440
0.310705
0.311847
0.311414
0.313259
0.312140
0.312060
0.311707
0.310025
0.310144
0.310369
0.310752
0.308624
0.309398
0.309008
0.306899
0.306092
0.305704
0.303951
0.304875
0.306829
0.307740
0.307268
0.308024
0.309635
0.308966
0.307290
0.307237
0.307287
0.307979
0.308450
0.307347
0.306024
0.306531
0.306690
0.308342
0.308935
0.309448
0.310245
0.309568
0.309757
0.312462
0.309432
0.310762
0.308515
0.307971
0.309942
0.306387
0.304346
0.304065
0.303197
0.304377
0.304016
0.304953
0.305719
0.305729
0.304616
0.304909
0.303102
0.304445
0.304785
0.305690
0.306560
0.306820
0.306148
0.302355
0.301339
0.303132
0.306505
0.306047
0.305579
0.304292
0.303245
0.302480
0.302692
0.304184
0.304267
0.306353
0.307898
0.308332
0.307425
0.306965
0.306620
0.306644
0.306450
0.305339
0.305708
0.303786
0.302278
0.302585
0.300314
0.301072
0.301777
0.301583
0.302047
0.303229
0.302677
0.300745
0.301841
0.301094
0.302993
0.302294
0.303522
0.303153
0.300789
0.303272
0.304809
0.303949
0.304191
0.303834
0.303239
0.304305
0.305561
0.304421
0.303617
0.305068
0.302401
0.300781
0.301246
0.302696
0.302124
0.303301
0.302833
0.301870
0.302194
0.301556
0.299196
0.300324
0.299240
0.298587
0.300846
0.301103
0.298838
0.301053
0.299959
0.300723
0.300729
0.300865
0.300783
0.301817
0.299873
0.300119
0.300556
0.299891
0.299525
0.298498
0.299740
0.299635
0.298992
0.299195
0.304462
0.304181
0.303663
0.304800
0.306234
0.306234
0.306017
0.306508
0.306551
0.306599
0.306691
0.305663
0.307637
0.308491
0.308851
0.311245
0.310117
0.310907
0.311330
0.310850
0.312072
0.312784
0.311334
0.309917
0.308827
0.310532
0.309440
0.308989
0.308489
0.309333
0.308294
0.308250
0.310665
0.308422
0.306848
0.308355
0.306291
0.307127
0.307857
0.306159
0.306590
0.306037
0.305370
0.305152
0.305235
0.304349
0.303812
0.305712
0.308077
0.308072
0.309297
0.309420
0.308479
0.309443
0.309268
0.308344
0.308215
0.307601
0.309475
0.309467
0.312249
0.311897
0.312389
0.311594
0.312427
0.310278
0.310344
0.311376
0.309762
0.310873
0.311814
0.310935
0.309771
0.307644
0.306967
0.306505
0.305709
0.305389
0.307880
0.309044
0.309507
0.309964
0.308848
0.309442
0.312119
0.311941
0.309870
0.309426
0.308706
0.309605
0.309282
0.308955
0.310412
0.310206
0.309415
0.311826
0.310405
0.311579
0.310618
0.310174
0.309951
0.308583
0.306905
0.308092
0.308309
0.309072
0.309452
0.309227
0.308996
0.307777
0.306633
0.305748
0.306934
0.307932
0.307069
0.304807
0.303270
0.302990
0.304526
0.306097
0.306594
0.307362
0.307645
0.307327
0.307591
0.305362
0.305444
0.306569
0.304616
0.304132
0.303726
0.304435
0.305643
0.305208
0.305230
0.304238
0.304929
0.306477
0.307009
0.307256
0.307831
0.306921
0.308379
0.309767
0.310027
0.311051
0.311678
0.309977
0.311467
0.309136
