0.401236
0.401277
0.401080
0.401010
0.400926
0.401049
0.401696
0.401646
0.401676
0.402537
0.402733
0.403131
0.403138
0.403227
0.403274
0.403196
0.403062
0.403033
0.402061
0.402327
0.402284
0.402421
0.403125
0.403812
0.404303
0.404352
0.404228
0.404255
0.403565
0.403414
0.403552
0.404733
0.404796
0.404774
0.404995
0.404916
0.404590
0.404434
0.404831
0.404856
0.404924
0.404645
0.405277
0.405211
0.405569
0.405437
0.405519
0.405779
0.405908
0.405927
0.406248
0.406929
0.407078
0.406840
0.406493
0.406508
0.406692
0.406834
0.406813
0.406814
0.407156
0.407206
0.407483
0.407356
0.407603
0.407551
0.407634
0.407302
0.407336
0.407404
0.407521
0.407386
0.406981
0.406905
0.406891
0.407229
0.407418
0.407558
0.407784
0.407582
0.408316
0.408291
0.408418
0.408801
0.408704
0.408716
0.408297
0.408456
0.408390
0.409340
0.409442
0.409032
0.408721
0.409083
0.408915
0.409035
0.408827
0.408695
0.408495
0.408654
0.408465
0.408464
0.408597
0.408597
0.408810
0.408064
0.407878
0.407688
0.407705
0.407853
0.408112
0.408142
0.408423
0.408841
0.408818
0.408771
0.409084
0.409279
0.409272
0.409030
0.408994
0.408980
0.408811
0.409204
0.409195
0.409124
0.409124
0.408906
0.409200
0.409528
0.409401
0.409411
0.409509
0.409092
0.409368
0.409291
0.409090
0.409083
0.409015
0.408840
0.408831
0.409027
0.409331
0.409139
0.409075
0.409085
0.409193
0.409096
0.409358
0.409103
0.409388
0.409568
0.409671
0.409574
0.409736
0.409936
0.410092
0.410570
0.410690
0.410563
0.410527
0.410446
0.410187
0.410373
0.410207
0.409853
0.410029
0.410227
0.410086
0.410548
0.410538
0.411406
0.411523
0.411660
0.411799
0.411624
0.411334
0.411313
0.411404
0.411507
0.411778
0.411730
0.411634
0.411634
0.412120
0.412328
0.412688
0.412949
0.413016
0.412904
0.413193
0.413236
0.413198
0.413308
0.413498
0.413529
0.414228
0.414368
0.414041
0.414190
0.414014
0.414030
0.413858
0.414632
0.414840
0.414393
0.414497
0.414656
0.414974
0.414768
0.413923
0.413885
0.413477
0.413434
0.414053
0.413949
0.413949
0.412902
0.412227
0.412130
0.412129
0.412041
0.412391
0.412730
0.412730
0.413014
0.413036
0.412721
0.413176
0.413102
0.413515
0.413466
0.413533
0.413540
0.413359
0.413949
0.413958
0.413546
0.413661
0.413606
0.413559
0.414111
0.414235
0.414028
0.414139
0.414494
0.414829
0.414884
0.415382
0.415626
0.415486
0.415338
0.415605
0.415865
0.415793
0.415789
0.415818
0.416039
0.416898
0.416863
0.417223
0.416805
0.417070
0.416834
0.417020
0.415745
0.415533
0.415312
0.415464
0.415417
0.415160
0.415123
0.414385
0.414422
0.414477
0.413993
0.413993
0.414409
0.414600
0.414642
0.414690
0.415402
0.415485
0.415642
0.415978
0.415949
0.416030
0.415886
0.416092
0.415737
0.415767
0.415610
0.416252
0.416358
0.416400
0.416422
0.416273
0.416184
0.416449
0.416749
0.416671
0.416642
0.416437
0.416629
0.416582
0.417253
0.416958
0.417177
0.417166
0.416828
0.417460
0.417745
0.417469
0.417819
0.417004
0.417019
0.416970
0.416962
0.416922
0.416929
0.416929
0.416964
0.417418
0.417459
0.417286
0.417647
0.417339
0.417279
0.417869
0.417812
0.417940
0.417761
0.417854
0.417636
0.417952
0.417627
0.417797
0.417786
0.417844
0.418374
0.419211
0.419335
0.418039
0.418461
0.418718
0.418242
0.418178
0.418171
0.418107
0.418260
0.418295
0.418054
0.417349
0.417440
0.417088
0.417345
0.417282
0.416750
0.416540
0.416512
0.416608
0.416576
0.416830
0.416718
0.416581
0.416875
0.417222
0.416384
0.416344
0.416241
0.415833
0.415692
0.416639
0.416672
0.416576
0.416787
0.416859
0.416647
0.416802
0.417539
0.417806
0.417165
0.417378
0.418032
0.417842
0.417582
0.417182
0.417179
0.417273
0.417273
0.417066
0.417671
0.417801
0.417569
0.417569
0.417578
0.417578
0.416635
0.416679
0.416996
0.416856
0.417033
0.417656
0.418275
0.418275
0.418227
0.418528
0.418326
0.418206
0.418396
0.417583
0.417583
0.417386
0.417476
0.417320
0.417286
0.417405
0.417357
0.417191
0.417196
0.416990
0.417400
0.417214
0.417295
0.416787
0.416468
0.416216
0.416239
0.416063
0.415935
0.415954
0.415421
0.415969
0.415900
0.416538
0.417123
0.416819
0.417775
0.417766
0.417472
0.417053
0.417742
0.417930
0.417742
0.417711
0.417861
0.417808
0.417579
0.417497
0.417428
0.417403
0.417448
0.417255
0.417358
0.417592
0.416632
0.416414
0.415329
0.415373
0.415354
0.415819
0.415743
0.415903
0.415903
0.415641
0.416505
0.416552
0.416277
0.415674
0.415740
0.415890
0.415890
0.415714
0.415958
0.415922
0.416268
0.416518
0.416418
0.417026
0.416727
0.417170
0.417499
0.417616
0.417477
0.417186
0.417543
0.417405
0.417773
0.417917
0.417795
0.417620
0.417421
0.417555
0.417305
0.417447
0.417205
0.417241
0.417790
0.417884
0.417637
0.417602
0.417744
0.417722
0.417558
0.417549
0.417504
0.417772
0.418026
0.418074
0.418058
0.417240
0.417096
0.416934
0.416999
0.416785
0.416850
0.416845
0.416905
0.417525
0.417599
0.417847
0.417454
0.417621
0.417237
0.417293
0.417223
0.417313
0.417160
0.417140
0.417085
0.416875
0.417237
0.417004
0.417004
0.417097
0.417167
0.417318
0.416331
0.416363
0.416719
0.417096
0.417029
0.417113
0.417054
0.416523
0.416867
0.416819
0.416280
0.416424
0.416771
0.416651
0.416681
0.416136
0.415929
0.415821
0.415686
0.415915
0.415529
0.415858
0.415669
0.415772
0.415333
0.414967
0.414682
0.414444
0.415014
0.414846
0.414898
0.415191
0.414865
0.414831
0.414915
0.414933
0.414982
0.414829
0.414883
0.415317
0.415476
0.415407
0.415417
0.415355
0.415284
0.415144
0.415144
0.414811
0.414673
0.414825
0.414014
0.414006
0.414073
0.414121
0.414193
0.413693
0.413869
0.413854
0.413842
0.413801
0.413916
0.413831
0.413929
0.413923
0.413649
0.413625
0.413463
0.413757
0.413758
0.413712
0.413921
0.414067
0.414060
0.413347
0.414035
0.414257
0.414338
0.414278
0.414298
0.414250
0.414778
0.415503
0.415190
0.414984
0.415253
0.415394
0.415394
0.415477
0.415438
0.415769
0.415779
0.415659
0.415556
0.415665
0.415751
0.415406
0.415313
0.415445
0.416176
0.416173
0.416049
0.415775
0.415888
0.416000
0.416266
0.416159
0.416018
0.415328
0.415432
0.415577
0.415197
0.415265
0.415215
0.414886
0.414773
0.414192
0.414401
0.414242
0.414274
0.414561
0.414710
0.414363
0.414363
0.414599
0.414918
0.415149
0.415032
0.414566
0.414513
0.414276
0.414161
0.414583
0.413354
0.413880
0.414015
0.414037
0.413984
0.413980
0.414087
0.414293
0.414597
0.414597
0.414720
0.414924
0.414805
0.415187
0.414751
0.415113
0.414704
0.414637
0.414568
0.414245
0.414554
0.414484
0.414313
0.414740
0.414864
0.415015
0.415053
0.414683
0.414822
0.415852
0.415746
0.415846
0.415401
0.414319
0.414158
0.414047
0.413670
0.414028
0.414328
0.414107
0.414361
0.414460
0.414210
0.414102
0.413586
0.413439
0.413357
0.413390
0.413624
0.413624
0.413847
0.413577
0.413741
0.413812
0.414586
0.414182
0.414150
0.414336
0.414533
0.414465
0.414258
0.414297
0.415378
0.415694
0.415725
0.415537
0.415297
0.415208
0.415212
0.415243
0.415187
0.415491
0.415414
0.415414
0.415267
0.415261
0.415299
0.414786
0.414492
0.413124
0.413486
0.413528
0.413252
0.413869
0.413925
0.413974
0.414012
0.414385
0.414535
0.414509
0.414621
0.414754
0.414982
0.415097
0.415119
0.414974
0.414814
0.415130
0.415127
0.415159
0.415010
0.414915
0.414998
0.415225
0.415494
0.415494
0.415903
0.415927
0.416234
0.416297
0.415729
0.415550
0.415689
0.416073
0.417449
0.417107
0.416929
0.417070
0.416415
0.416676
0.416622
0.416150
0.416150
0.415700
0.415252
0.415150
0.414701
0.415909
0.415814
0.415969
0.416149
0.416197
0.416346
0.416279
0.416208
0.416238
0.416190
0.416941
0.417050
0.417050
0.417064
0.417077
0.417291
0.417457
0.417287
0.417592
0.417727
0.417799
0.417711
0.417609
0.417642
0.418429
0.418472
0.418056
0.417859
0.418161
0.418280
0.417915
0.417902
0.418088
0.417881
0.418323
0.418204
0.418095
0.417223
0.417181
0.417120
0.416999
0.417005
0.417037
0.417252
0.417251
0.416962
0.417112
0.417218
0.417106
0.417187
0.416966
0.416862
0.418369
0.418427
0.418552
0.418295
0.418291
0.418291
0.418119
0.417855
0.417695
0.417803
0.417503
0.418029
0.417692
0.417834
0.417295
0.417261
0.417201
0.417005
0.417580
0.418829
0.418758
0.418782
0.419084
0.419097
0.419055
0.419452
0.419575
0.419568
0.419373
0.419479
0.419533
0.419248
0.419183
0.419186
0.419023
0.419078
0.419193
0.419182
0.419263
0.419263
0.419263
0.419070
0.419150
0.418854
0.418726
0.418842
0.418721
0.418624
0.418463
0.418321
0.418277
0.418695
0.419254
0.419386
0.419320
0.419097
0.418780
0.418565
0.419375
0.419286
0.419183
0.419148
0.419185
0.419265
0.419245
0.419481
0.419574
0.419265
0.419568
0.419250
0.419315
0.419681
0.419477
0.419453
0.419381
0.419410
0.419410
0.419251
0.419251
0.418685
0.418667
0.418583
0.418661
0.418817
0.418947
0.419153
0.419052
0.419466
0.419258
0.419222
0.419632
0.419632
0.419125
0.419338
0.419781
0.419734
0.419388
0.418981
0.418869
0.418762
0.418688
0.418933
0.419145
0.419189
0.419189
0.419303
0.419066
0.419242
0.419376
0.419544
0.419590
0.419917
0.419745
0.419868
0.419758
0.419870
0.420014
0.419617
0.419579
0.419393
0.419388
0.419433
0.419295
0.419271
0.419256
0.418591
0.418530
0.418558
0.418754
0.417909
0.417884
0.418065
0.417994
0.417994
0.417864
0.418044
0.418004
0.417989
0.418057
0.417863
0.417977
0.418257
0.418249
0.418202
0.418557
0.418279
0.418420
0.418320
0.418565
0.418845
0.418826
0.419158
0.419289
0.419079
0.418961
0.419028
0.418860
0.418974
0.419209
0.419305
0.419389
0.419389
0.418943
0.419086
0.418732
0.419064
0.419020
0.420573
0.420396
0.420491
0.420737
0.420674
0.420646
0.420853
0.420762
0.420700
0.420169
0.420057
0.419885
0.420102
0.419796
0.419584
0.419670
0.420020
0.420169
0.420012
0.420214
0.420103
0.419531
0.419402
0.419402
0.419529
0.419574
0.419660
0.419482
0.418947
0.418561
0.418364
0.418496
0.418395
0.418476
0.417960
0.418066
0.418079
0.418244
0.418468
0.418495
0.418220
0.418280
0.418251
0.418381
0.418217
0.418048
0.418150
0.417834
0.417911
0.417466
0.417331
0.417670
0.418016
0.418449
0.418047
0.417973
0.417805
0.417941
0.418285
0.418422
0.418388
0.418764
0.418747
0.418686
0.418616
0.418476
0.418773
0.418474
0.418528
0.418453
0.418548
0.419476
0.419264
0.419480
0.419481
0.420408
0.420490
0.420097
0.420434
0.420500
0.420110
0.420150
0.420298
0.420085
0.420232
0.420163
0.419686
0.420721
0.421723
0.421866
0.422084
0.421967
0.422013
0.421852
0.422870
0.422942
0.423339
0.423248
0.423328
0.423409
0.423835
0.423955
0.424135
0.424412
0.424412
0.424671
0.424560
0.424773
0.424995
0.424876
0.424778
0.424877
0.425012
0.424495
0.424487
0.425278
0.424975
0.425120
0.424862
0.424658
0.424636
0.424719
0.424708
0.424638
0.424667
0.424628
0.424792
0.425068
0.425051
0.424755
0.424584
0.424448
0.424756
0.424681
0.424540
0.424549
0.424453
0.424708
0.424601
0.424811
0.424767
0.424886
0.424999
0.425100
0.425084
0.425364
0.425392
0.425134
0.425104
0.425411
0.425347
0.425184
0.425262
0.425426
0.425487
0.425316
0.425422
0.425471
0.425471
0.425384
0.425531
0.425192
0.425248
0.424701
0.424671
0.424668
0.424611
0.424115
0.423882
0.423638
0.423562
0.424025
0.423972
0.424453
0.424293
0.424081
0.424430
0.424430
0.424545
0.424447
0.424547
0.424206
0.423987
0.425158
0.425287
0.425019
0.424987
0.424829
0.424887
0.424989
0.424989
0.424943
0.425651
0.425640
0.425750
0.425692
0.425742
0.425956
0.426049
0.425973
0.425798
0.425867
0.425503
0.425770
0.425757
0.425803
0.425720
0.425702
0.425690
0.425567
0.425814
0.425948
0.425950
0.426111
0.426078
0.426229
0.426139
0.426155
0.426129
0.423443
0.423649
0.423899
0.423367
0.423391
0.423567
0.424053
0.423888
0.423732
0.423364
0.423449
0.423440
0.423341
0.423662
0.423826
0.423856
0.423923
0.424244
0.424326
0.424960
0.424566
0.424579
0.424545
0.425320
0.425294
0.425550
0.425695
0.425660
0.425544
0.424675
0.424900
0.425052
0.424745
0.425042
0.425370
0.425287
0.425194
0.425584
0.425801
0.425898
0.425877
0.426014
0.425922
0.425687
0.426070
0.425844
0.425446
0.425262
0.425613
0.425476
0.425724
0.426175
0.425804
0.425952
0.425966
0.425989
0.426221
0.426413
0.425835
0.425922
0.426116
0.426566
0.426517
0.426713
0.426563
0.426535
0.425788
0.425989
0.424919
0.424905
0.424977
0.424935
0.424886
0.424841
0.424780
0.425087
0.425087
0.424927
0.425080
0.425131
0.425235
0.424952
0.425237
0.425078
0.425153
0.425134
0.425196
0.425101
0.425153
0.425149
0.424803
0.424944
0.425091
0.425126
0.425171
0.425102
0.425415
0.425438
0.426028
0.426159
0.425904
0.426033
0.426033
0.426266
0.426481
0.426977
0.426875
0.426947
0.426792
0.427022
0.427051
0.427197
0.427290
0.427331
0.427156
0.427510
0.427245
0.426938
0.426971
0.426965
0.427196
0.427146
0.427161
0.427005
0.426669
0.427238
0.427521
0.428115
0.428120
0.428097
0.428147
0.428275
0.428210
0.428344
0.428973
0.428997
0.429067
0.429021
0.428975
0.428884
0.428543
0.428552
0.428929
0.428909
0.428901
0.428834
0.429102
0.430338
0.430178
0.430125
0.429890
0.429679
0.429462
0.429746
0.429727
0.429829
0.429923
0.429836
0.429650
0.429723
0.430316
0.430376
0.430558
0.430169
0.431038
0.431193
0.431114
0.431114
0.431099
0.431198
0.431133
0.430945
0.431123
0.430849
0.430897
0.430994
0.430479
0.429992
0.430001
0.430050
0.430090
0.429820
0.430049
0.430020
0.430165
0.430280
0.430220
0.430024
0.429972
0.430238
0.429574
0.429252
0.429134
0.429074
0.429271
0.429095
0.428299
0.428016
0.427953
0.428016
0.428082
0.427879
0.427560
0.428555
0.427703
0.427483
0.427385
0.427377
0.427409
0.427566
0.427516
0.427422
0.427453
0.427223
0.427038
0.426888
0.427251
0.427251
0.426982
0.427038
0.426676
0.427590
0.427836
0.427653
0.427950
0.427917
0.427987
0.427878
0.428275
0.428392
0.428699
0.428814
0.428738
0.428800
0.428800
0.429361
0.429101
0.427697
0.427708
0.427599
0.427599
0.427602
0.427486
0.427684
0.427684
0.427743
0.427862
0.427798
0.427338
0.427580
0.427601
0.427727
0.427855
0.427823
0.427998
0.428110
0.427349
0.427617
0.426989
0.426878
0.426593
0.426415
0.426415
0.426197
0.426179
0.426360
0.427057
0.426994
0.427020
0.426311
0.426345
0.426321
0.426327
0.426592
0.426624
0.426611
0.426492
0.426478
0.426476
0.426759
0.425125
0.425134
0.425184
0.425109
0.425210
0.425065
0.424639
0.425193
0.425159
0.425151
0.424939
0.425044
0.425010
0.425095
0.425223
0.425967
0.425797
0.425558
0.425688
0.426051
0.426225
0.426122
0.427798
0.427870
0.428119
0.428207
0.428163
0.428112
0.428274
0.428268
0.427651
0.427832
0.427524
0.427774
0.427758
0.428574
0.428418
0.428381
0.428164
0.428387
0.428394
0.429167
0.429440
0.429253
0.429315
0.429401
0.429717
0.429795
0.429795
0.429662
0.430101
0.430161
0.429976
0.430488
0.430488
0.430487
0.430647
0.430873
0.430791
0.430440
0.431203
0.431493
0.431277
0.431215
0.430893
0.431393
0.431469
0.431411
0.431325
0.431696
0.431740
0.431585
0.431629
0.431330
0.431218
0.431299
0.431347
0.431183
0.431269
0.431060
0.430715
0.431232
0.431236
0.430825
0.430733
0.430777
0.430739
0.430955
0.430980
0.431016
0.431020
0.431089
0.430886
0.430822
0.430662
0.430600
0.430806
0.430687
0.430613
0.430808
0.431861
0.432048
0.432066
0.431682
0.431646
0.431415
0.431637
0.431625
0.431514
0.431353
0.431909
0.431971
0.431913
0.431637
0.431675
0.431505
0.431113
0.430807
0.430763
0.430681
0.430686
0.430637
0.431007
0.431144
0.431452
0.431348
0.431181
0.431211
0.431153
0.431067
0.431200
0.431010
0.430992
0.431020
0.430748
0.430749
0.430826
0.430858
0.431074
0.431094
0.431259
0.431334
0.432259
0.432144
0.432014
0.431854
0.431880
0.432207
0.432514
0.432540
0.432531
0.433763
0.433808
0.434013
0.433964
0.434246
0.434683
0.434587
0.434370
0.434440
0.434715
0.434732
0.434738
0.434283
0.434439
0.434255
0.434275
0.434167
0.434158
0.433527
0.433329
0.433624
0.433599
0.433297
0.433544
0.433338
0.433208
0.433094
0.433058
0.433078
0.433104
0.433201
0.433122
0.433311
0.432976
0.433848
0.433669
0.433160
0.433022
0.432897
0.433996
0.433953
0.433943
0.433867
0.433843
0.433892
0.433984
0.434480
0.434561
0.434545
0.434372
0.434428
0.434371
0.434557
0.434469
0.434340
0.434398
0.434418
0.434334
0.434405
0.433986
0.434054
0.434211
0.434982
0.434903
0.434719
0.434359
0.434587
0.434222
0.434259
0.434597
0.434122
0.433921
0.434050
0.434100
0.433925
0.432583
0.432713
0.432922
0.432692
0.432452
0.432094
0.431915
0.431938
0.432108
0.431879
0.431985
0.431823
0.431875
0.431639
0.431828
0.431666
0.431655
0.431565
0.432057
0.431544
0.431487
0.431544
0.431465
0.431465
0.431059
0.430821
0.430619
0.430752
0.430840
0.431008
0.431054
0.431058
0.431158
0.431269
0.431058
0.431566
0.431339
0.431993
0.432215
0.432116
0.431696
0.431642
0.431752
0.431920
0.432321
0.432550
0.432950
0.433009
0.432017
0.432245
0.432225
0.432395
0.432794
0.432655
0.432100
0.432274
0.432624
0.432641
0.432904
0.432960
0.433201
0.433308
0.433328
0.433458
0.433467
0.433402
0.433562
0.433549
0.433441
0.434192
0.434140
0.434170
0.434051
0.433854
0.433652
0.433560
0.433536
0.433322
0.433212
0.433297
0.433487
0.433393
0.432658
0.432759
0.432583
0.432228
0.432956
0.432830
0.432784
0.432487
0.432524
0.432311
0.432099
0.432240
0.432235
0.431939
0.431805
0.432018
0.432398
0.431863
0.432553
0.432931
0.432742
0.432819
0.432650
0.432906
0.433099
0.433082
0.433049
0.432406
0.432576
0.433159
0.433145
0.433358
0.433189
0.433275
0.433758
0.433751
0.433784
0.433834
0.433768
0.433591
0.433501
0.433442
0.433420
0.433292
0.432563
0.432534
0.432487
0.432651
0.432321
0.432335
0.432745
0.432745
0.432711
0.432620
0.432656
0.432529
0.432773
0.433017
0.432751
0.432716
0.432783
0.432481
0.432773
0.432349
0.432310
0.432303
0.432303
0.432269
0.432575
0.432746
0.432918
0.432064
0.432455
0.432721
0.432764
0.432826
0.432656
0.432616
0.432635
0.432681
0.433283
0.433426
0.433525
0.433562
0.433864
0.434212
0.434082
0.434045
0.434139
0.434101
0.433945
0.434004
0.433922
0.434169
0.434101
0.434265
0.434122
0.434174
0.434219
0.434533
0.434704
0.434795
0.434502
0.434539
0.434138
0.433962
0.434051
0.433787
0.433740
0.433795
0.433911
0.433867
0.433907
0.433762
0.433726
0.433517
0.433185
0.433404
0.433125
0.433012
0.433313
0.433358
0.433361
0.433584
0.433589
0.433489
0.433432
0.433403
0.433111
0.433403
0.433398
0.433568
0.433689
0.433783
0.434469
0.434471
0.434223
0.434136
0.433850
0.434028
0.434215
0.434356
0.434110
0.434452
0.434402
0.434638
0.434697
0.434708
0.434492
0.434627
0.434344
0.434530
0.434352
0.434413
0.434103
0.433768
0.433729
0.433855
0.433607
0.433536
0.433508
0.433366
0.433007
0.433359
0.433150
0.433660
0.433532
0.433743
0.433839
0.434053
0.433798
0.433771
0.434305
0.434181
0.433178
0.433430
0.433466
0.433380
0.433489
0.433503
0.433199
0.433475
0.433630
0.433721
0.433718
0.433748
0.433748
0.433754
0.433680
0.433631
0.433664
0.433808
0.433836
0.433467
0.433375
0.433090
0.433171
0.433079
0.433280
0.433539
0.433222
0.433450
0.433370
0.433250
0.433265
0.432783
0.432783
0.432779
0.432793
0.432541
0.432523
0.432332
0.432328
0.432358
0.432301
0.432264
0.432336
0.432320
0.432170
0.431975
0.431834
0.431922
0.432324
0.432875
0.432875
0.432962
0.433006
0.432979
0.433131
0.433083
0.432870
0.432858
0.432870
0.432966
0.432704
0.432936
0.433274
0.433553
0.433124
0.433287
0.433287
0.433196
0.433298
0.433742
0.433709
0.433832
0.433852
0.433965
0.433870
0.434042
0.433897
0.433313
0.433320
0.433588
0.433665
0.433693
0.433420
0.433898
0.434251
0.434190
0.433532
0.433590
0.433744
0.433879
0.433731
0.433604
0.433571
0.433319
0.433110
0.432484
0.432859
0.432905
0.433020
0.432941
0.432551
0.432451
0.432565
0.431691
0.431842
0.431871
0.431890
0.431839
0.431729
0.431357
0.431560
0.431408
0.431437
0.431437
0.431482
0.431423
0.431476
0.429466
0.429487
0.429261
0.429763
0.429922
0.430179
0.430180
0.430319
0.430479
0.432282
0.431962
0.432174
0.432128
0.432119
0.432177
0.431997
0.432372
0.432312
0.432483
0.432443
0.432927
0.432928
0.432860
0.432748
0.431880
0.432090
0.432271
0.432561
0.432537
0.432668
0.432769
0.432634
0.432733
0.432930
0.433003
0.432659
0.432585
0.432513
0.432486
0.432295
0.432635
0.432469
0.432373
0.432280
0.431945
0.431885
0.432097
0.431958
0.431596
0.431341
0.431155
0.431242
0.431255
0.431193
0.430890
0.431086
0.431225
0.431434
0.431446
0.431473
0.431409
0.431523
0.431523
0.431697
0.431922
0.432421
0.432392
0.432553
0.432507
0.432486
0.432640
0.432262
0.432228
0.432257
0.432257
0.432253
0.432601
0.432663
0.432648
0.432790
0.432166
0.432270
0.431799
0.431750
0.431416
0.432274
0.432501
0.432535
0.432820
0.432659
0.432622
0.432568
0.432584
0.432688
0.432834
0.432771
0.432425
0.432537
0.432392
0.432355
0.432182
0.431672
0.431810
0.431987
0.432409
0.432691
0.432768
0.432843
0.431033
0.431056
0.431218
0.431287
0.431501
0.431588
0.431919
0.431607
0.431852
0.431814
0.431742
0.431696
0.431953
0.431579
0.431705
0.432043
0.431653
0.431562
0.430652
0.430587
0.430543
0.430427
0.430524
0.430584
0.430954
0.431790
0.431793
0.431838
0.431878
0.432390
0.432323
0.432537
0.432635
0.432511
0.433351
0.433249
0.433140
0.433259
0.433168
0.433327
0.433421
0.433190
0.433228
0.434537
0.434462
0.434114
0.433997
0.433980
0.434111
0.434198
0.434793
0.434550
0.434737
0.434709
0.434523
0.434642
0.434754
0.434591
0.434110
0.434412
0.434671
0.434508
0.434417
0.434543
0.434479
0.434576
0.434933
0.435332
0.435339
0.435164
0.435415
0.435689
0.435552
0.435472
0.435551
0.435831
0.435269
0.435139
0.435157
0.434920
0.435100
0.435256
0.435125
0.434908
0.434235
0.434150
0.434143
0.433943
0.433933
0.434015
0.433823
0.433894
0.433515
0.433762
0.433750
0.433793
0.434370
0.434305
0.433944
0.433355
0.433242
0.433162
0.433034
0.433483
0.433707
0.433746
0.433470
0.433781
0.434376
0.434255
0.434051
0.434133
0.433774
0.433725
0.433434
0.433023
0.432735
0.432638
0.432112
0.432039
0.431752
0.431880
0.431769
0.431591
0.431502
0.431593
0.431723
0.431662
0.431652
0.431340
0.431446
0.431354
0.431474
0.431231
0.431070
0.430731
0.430711
0.430822
0.430970
0.430209
0.430254
0.430355
0.430539
0.430459
0.430427
0.430214
0.430171
0.430281
0.430955
0.431016
0.430851
0.430901
0.431111
0.431025
0.430593
0.430229
0.430303
0.429991
0.429943
0.429944
0.430005
0.430118
0.430294
0.430341
0.430225
0.430632
0.430604
0.430481
0.430547
0.430382
0.430216
0.430427
0.430073
0.430081
0.429698
0.429800
0.429793
0.429866
0.430871
0.430922
0.430136
0.430157
0.430289
0.430048
0.429958
0.429488
0.429062
0.429194
0.429870
0.430471
0.430098
0.429882
0.429218
0.429436
0.429438
0.429500
0.430108
0.430470
0.430556
0.430248
0.430247
0.430374
0.430555
0.430542
0.430542
0.430466
0.430205
0.429968
0.430025
0.430122
0.430507
0.431847
0.431955
0.432098
0.431918
0.431502
0.431533
0.431440
0.431386
0.431629
0.431445
0.431739
0.432065
0.431961
0.431949
0.432072
0.432291
0.432316
0.431915
0.432124
0.431778
0.431344
0.431477
0.431773
0.432335
0.432432
0.432494
0.432632
0.432569
0.432608
0.432805
0.432695
0.432808
0.432551
0.432218
0.432323
0.432582
0.432363
0.431042
0.431045
0.431028
0.430634
0.430855
0.430877
0.430669
0.430722
0.431132
0.431147
0.431323
0.431368
0.431667
0.431500
0.431486
0.431616
0.432111
0.432478
0.432303
0.432245
0.432119
0.431992
0.430747
0.430714
0.431123
0.431326
0.430907
0.430750
0.430424
0.430730
0.430784
0.429876
0.430201
0.429971
0.429992
0.430449
0.430035
0.430210
0.430338
0.430217
0.430221
0.430316
0.430248
0.429203
0.429205
0.429190
0.429373
0.429214
0.429697
0.429645
0.429591
0.430056
0.429874
0.429733
0.429545
0.429483
0.429901
0.429688
0.429886
0.429860
0.429784
0.429777
0.429655
0.429485
0.429183
0.429319
0.429377
0.429354
0.428937
0.428999
0.428835
0.428736
0.428774
0.428846
0.428847
0.429039
0.428995
0.429627
0.430188
0.430331
0.430143
0.430101
0.430661
0.430664
0.430609
0.430785
0.430429
0.430515
0.430850
0.430846
0.430876
0.431086
0.431124
0.431071
0.430562
0.430563
0.430357
0.430726
0.430809
0.430745
0.431299
0.430954
0.431103
0.431250
0.432184
0.432265
0.432384
0.432474
0.432233
0.432145
0.432228
0.432259
0.432364
0.432038
0.431937
0.432000
0.432366
0.432160
0.432020
0.432147
0.431659
0.431706
0.431606
0.431588
0.431345
0.431376
0.431533
0.431643
0.431558
0.431602
0.431571
0.431476
0.431949
0.431987
0.432006
0.431967
0.431811
0.431794
0.431653
0.431843
0.431591
0.431670
0.431625
0.431457
0.431242
0.431093
0.431353
0.431598
0.431245
0.431631
0.431814
0.431777
0.431585
0.431853
0.431948
0.432442
0.432181
0.432068
0.432024
0.432549
0.432604
0.433515
0.433274
0.433208
0.433072
0.432921
0.432988
0.433478
0.433708
0.433470
0.433332
0.433251
0.432924
0.432269
0.432333
0.432321
0.431500
0.431684
0.431485
0.433105
0.432716
0.433450
0.433242
0.433180
0.433379
0.433459
0.433918
0.433605
0.433088
0.432912
0.433357
0.433316
0.433236
0.433518
0.433460
0.433794
0.433799
0.433655
0.433852
0.433856
0.433870
0.433754
0.433756
0.434248
0.434109
0.433581
0.433593
0.433764
0.434177
0.434015
0.433498
0.433507
0.433242
0.433087
0.433212
0.433569
0.433693
0.433490
0.433184
0.433013
0.433051
0.432791
0.432268
0.432254
0.432010
0.432336
0.432422
0.432539
0.432370
0.432578
0.432608
0.432504
0.432639
0.432618
0.432961
0.433683
0.433723
0.433139
0.433695
0.433556
0.433063
0.433452
0.433753
0.433769
0.433784
0.433569
0.433311
0.433780
0.433540
0.433750
0.433621
0.433884
0.433906
0.433931
0.434142
0.433940
0.434330
0.435487
0.435519
0.435633
0.435719
0.435389
0.435313
0.435626
0.435483
0.435515
0.435662
0.436012
0.436133
0.436354
0.436419
0.436043
0.435873
0.435905
0.435963
0.435153
0.435169
0.435352
0.435090
0.435132
0.434832
0.434890
0.435689
0.435668
0.435946
0.435786
0.435646
0.435630
0.435685
0.435625
0.434936
0.434897
0.434002
0.433891
0.434185
0.434047
0.434053
0.433870
0.433920
0.433930
0.434045
0.433948
0.434017
0.434133
0.434018
0.434002
0.434074
0.433746
0.433666
0.433455
0.433542
0.433635
0.433567
0.433486
0.433241
0.433196
0.433189
0.433071
0.432877
0.433094
0.433129
0.432994
0.432745
0.433101
0.432976
0.433075
0.433225
0.433211
0.433680
0.433675
0.433825
0.433903
0.433867
0.433676
0.434002
0.433835
0.432911
0.432704
0.432382
0.432220
0.432522
0.432837
0.433756
0.433729
0.433521
0.433286
0.433274
0.433014
0.432629
0.432787
0.432778
0.432762
0.432616
0.432463
0.433018
0.432900
0.432869
0.433051
0.433037
0.432979
0.433217
0.433440
0.433523
0.433407
0.434185
0.434177
0.434123
0.433971
0.433942
0.433875
0.433947
0.433882
0.433728
0.434024
0.433504
0.433335
0.433283
0.432782
0.432949
0.432990
0.432752
0.433198
0.433402
0.432962
0.432951
0.432836
0.432613
0.432631
0.432601
0.433012
0.433060
0.432857
0.432687
0.432637
0.433061
0.433473
0.433878
0.433786
0.433588
0.433269
0.433102
0.433206
0.432982
0.432889
0.432897
0.432499
0.432487
0.433078
0.433397
0.433399
0.433223
0.433102
0.432964
0.433453
0.433680
0.433679
0.433694
0.433377
0.433552
0.433500
0.433780
0.433637
0.433591
0.433703
0.433680
0.434256
0.435495
0.434999
0.434928
0.434885
0.434825
0.434818
0.434947
0.435313
0.435398
0.435507
0.435286
0.435315
0.436130
0.435903
0.436108
0.436238
0.436274
0.436121
0.436004
0.436369
0.436344
0.436517
0.436603
0.436390
0.436356
0.436699
0.436822
0.436935
0.436209
0.436565
0.436396
0.434567
0.434628
0.434435
0.434294
0.434266
0.434493
0.434010
0.434168
0.434017
0.434131
0.434574
0.434953
0.435055
0.435233
0.435268
0.435260
0.435455
0.435878
0.436072
0.435911
0.435916
0.435643
0.435509
0.435657
0.435621
0.435523
0.435939
0.435684
0.435262
0.435327
0.435220
0.435960
0.436057
0.436112
0.436350
0.436270
0.436453
0.436299
0.436292
0.436426
0.436529
0.436397
0.436284
0.436550
0.436393
0.436659
0.436836
0.437256
0.437443
0.437119
0.437468
0.437512
0.437461
0.437691
0.437691
0.437866
0.437866
0.437987
0.437798
0.437839
0.437997
0.438091
0.437770
0.438295
0.438364
0.438347
0.438195
0.438162
0.438365
0.438562
0.438503
0.438124
0.438080
0.437974
0.437884
0.438073
0.438077
0.437761
0.437694
0.437807
0.437894
0.437840
0.437798
0.437839
0.436926
0.437025
0.436915
0.437142
0.437078
0.437362
0.437369
0.437450
0.437730
0.437793
0.437829
0.437808
0.438186
0.438202
0.438204
0.438077
0.438617
0.438691
0.438576
0.438581
0.437953
0.438171
0.438147
0.438151
0.438129
0.438888
0.438030
0.438063
0.438345
0.438559
0.438536
0.437823
0.437926
0.438529
0.438526
0.438585
0.438588
0.438658
0.438454
0.438525
0.438645
0.438263
0.439905
0.439922
0.440138
0.440269
0.440271
0.440083
0.439859
0.439021
0.439183
0.439316
0.439786
0.439124
0.439080
0.439164
0.439344
0.438194
0.438118
0.438056
0.438362
0.438288
0.438421
0.438364
0.439264
0.438999
0.439184
0.439226
0.439206
0.439117
0.439518
0.439259
0.438628
0.438659
0.438628
0.437978
0.438310
0.438359
0.438689
0.438814
0.439110
0.438830
0.438735
0.438356
0.437854
0.437881
0.437499
0.437655
0.437346
0.437141
0.437088
0.436776
0.437021
0.436905
0.437100
0.436949
0.437055
0.436819
0.436740
0.436612
0.436841
0.436234
0.436255
0.436382
0.436387
0.436288
0.436213
0.436131
0.436193
0.436299
0.436164
0.436395
0.436493
0.436252
0.436264
0.435853
0.435655
0.435540
0.435463
0.435678
0.435468
0.435540
0.435527
0.435845
0.435801
0.435831
0.435949
0.435451
0.435790
0.435672
0.435331
0.435418
0.435692
0.435581
0.435090
0.434740
0.434740
0.434459
0.434573
0.434459
0.434413
0.435281
0.435341
0.435328
0.435274
0.435278
0.435193
0.435076
0.435078
0.435372
0.435213
0.435064
0.435272
0.435378
0.435490
0.435360
0.435137
0.435323
0.434137
0.434200
0.434447
0.434527
0.434760
0.434840
0.434913
0.435196
0.435233
0.435521
0.435817
0.435221
0.435010
0.435149
0.433525
0.433385
0.434113
0.433858
0.434331
0.434256
0.434401
0.434211
0.433905
0.433930
0.433843
0.433752
0.433625
0.433466
0.433767
0.434276
0.434297
0.434285
0.435164
0.435054
0.434980
0.434901
0.434859
0.435046
0.434666
0.434748
0.433723
0.433741
0.433651
0.433991
0.433720
0.433704
0.433677
0.433469
0.432650
0.432721
0.433479
0.433542
0.433519
0.433459
0.433528
0.433191
0.433919
0.433916
0.434091
0.434138
0.434332
0.434052
0.434174
0.434231
0.433800
0.434052
0.433757
0.433748
0.433737
0.434266
0.434428
0.434408
0.434255
0.434573
0.434522
0.434146
0.434192
0.434075
0.434081
0.434099
0.434495
0.434562
0.434448
0.434452
0.434528
0.433483
0.433374
0.433641
0.433740
0.433756
0.433952
0.433895
0.433977
0.433760
0.433622
0.433568
0.433610
0.433723
0.433980
0.434392
0.434224
0.434054
0.434227
0.434228
0.434180
0.434185
0.434228
0.433939
0.433537
0.433825
0.434014
0.434356
0.434627
0.434649
0.434610
0.434902
0.434887
0.434847
0.434709
0.434731
0.434617
0.434719
0.434576
0.434504
0.434462
0.434073
0.434606
0.433824
0.433513
0.433859
0.434071
0.432967
0.431522
0.431503
0.431566
0.431807
0.431445
0.431662
0.431004
0.430842
0.430733
0.430400
0.430260
0.431130
0.430601
0.430233
0.430116
0.430240
0.430285
0.430257
0.430175
0.430158
0.430233
0.431327
0.431208
0.431224
0.431195
0.431019
0.430604
0.430887
0.430898
0.431181
0.431030
0.431156
0.431105
0.431225
0.431426
0.431369
0.431813
0.431814
0.431739
0.431489
0.431251
0.431154
0.431067
0.431247
0.431300
0.431485
0.431822
0.431872
0.431234
0.431292
0.431018
0.430839
0.430803
0.431296
0.431502
0.431530
0.431597
0.431412
0.431056
0.431125
0.431161
0.431316
0.431546
0.432192
0.432228
0.432316
0.432409
0.432639
0.432984
0.433098
0.433103
0.433757
0.433738
0.432691
0.432556
0.432421
0.432201
0.432332
0.432222
0.432274
0.432462
0.432342
0.432704
0.432533
0.432673
0.432798
0.432738
0.433107
0.432919
0.433515
0.433252
0.433391
0.433261
0.433249
0.433174
0.432721
0.432615
0.432984
0.433064
0.432883
0.432429
0.432446
0.431889
0.432336
0.433027
0.433317
0.432455
0.432654
0.432645
0.432525
0.432480
0.432363
0.432218
0.432307
0.432265
0.432282
0.432384
0.432436
0.432381
0.432369
0.432212
0.432127
0.432205
0.432236
0.432321
0.432324
0.432212
0.432289
0.432343
0.432010
0.432105
0.432528
0.432407
0.432874
0.432656
0.432526
0.432676
0.432727
0.432308
0.432416
0.432571
0.432583
0.432624
0.432492
0.431985
0.432227
0.432364
0.432392
0.432206
0.431924
0.432171
0.432195
0.432229
0.432229
0.432939
0.432815
0.432955
0.433260
0.433270
0.433951
0.433745
0.433486
0.434144
0.434327
0.434401
0.434164
0.434594
0.434614
0.434200
0.434089
0.434024
0.433848
0.433578
0.433455
0.433568
0.433524
0.433704
0.433893
0.434139
0.434053
0.434032
0.434077
0.433932
0.433891
0.433939
0.433953
0.434073
0.434075
0.434106
0.433823
0.434161
0.434153
0.434234
0.434231
0.434375
0.434762
0.434303
0.433981
0.433604
0.433879
0.433838
0.434364
0.433138
0.433540
0.433829
0.434099
0.434037
0.434393
0.434356
0.434356
0.434014
0.434428
0.434167
0.433690
0.433388
0.433271
0.433295
0.433294
0.433444
0.433457
0.433772
0.433475
0.433485
0.433486
0.433474
0.433596
0.433319
0.433820
0.433872
0.433835
0.433921
0.434007
0.434049
0.434049
0.433928
0.434325
0.434341
0.434178
0.434287
0.434043
0.433960
0.433580
0.433625
0.433713
0.434530
0.434531
0.434392
0.434360
0.434183
0.434231
0.433771
0.433311
0.433368
0.432621
0.432626
0.432981
0.432875
0.432653
0.433017
0.432902
0.432900
0.432903
0.432827
0.432888
0.433095
0.432861
0.432774
0.432920
0.433294
0.432915
0.432784
0.433103
0.433319
0.433356
0.433304
0.433162
0.432990
0.432825
0.432599
0.432394
0.432250
0.432591
0.432762
0.432738
0.432626
0.432612
0.432640
0.432748
0.432838
0.432796
0.432796
0.432554
0.432389
0.432497
0.432322
0.432731
0.432626
0.433297
0.433294
0.433219
0.433241
0.432944
0.432789
0.433150
0.432851
0.432939
0.432819
0.432835
0.432799
0.432735
0.432464
0.432562
0.432549
0.432571
0.432574
0.432606
0.432318
0.432221
0.432711
0.432740
0.432758
0.432638
0.432495
0.432603
0.432684
0.432750
0.432626
0.433274
0.432862
0.433286
0.433700
0.433584
0.433537
0.433793
0.433849
0.433744
0.433830
0.433807
0.433367
0.433330
0.433384
0.433664
0.433579
0.433405
0.433732
0.433624
0.433599
0.433637
0.433324
0.433422
0.433856
0.433511
0.433981
0.434035
0.434286
0.434228
0.433917
0.434111
0.432223
0.432117
0.432339
0.433385
0.433099
0.432526
0.432653
0.432666
0.432609
0.432684
0.432701
0.432959
0.433391
0.433295
0.433377
0.433140
0.433684
0.433355
0.433501
0.433592
0.433605
0.433395
0.433380
0.433509
0.433625
0.433680
0.433374
0.433243
0.433230
0.433121
0.433272
0.433427
0.434085
0.434087
0.434290
0.434982
0.434877
0.435128
0.435167
0.435332
0.435365
0.435338
0.435122
0.435068
0.435435
0.435789
0.435698
0.435926
0.435618
0.435787
0.435840
0.435866
0.435826
0.435776
0.435777
0.435785
0.435930
0.436288
0.436232
0.436477
0.436890
0.436624
0.436674
0.436579
0.436459
0.436634
0.436577
0.436688
0.436640
0.437060
0.437097
0.436996
0.437068
0.436748
0.436580
0.436589
0.436700
0.436646
0.436724
0.436751
0.436606
0.436517
0.436563
0.436451
0.436762
0.436714
0.436628
0.436602
0.436529
0.436458
0.436797
0.436450
0.436645
0.436441
0.436228
0.436432
0.436384
0.436341
0.436012
0.435780
0.435744
0.435778
0.435738
0.435758
0.436121
0.436221
0.435814
0.435712
0.436044
0.436004
0.435786
0.435482
0.435589
0.435595
0.435616
0.435776
0.435896
0.435683
0.435401
0.435308
0.435474
0.435110
0.435203
0.435512
0.435493
0.435970
0.436243
0.435580
0.435292
0.435077
0.435315
0.435217
0.435567
0.435541
0.435269
0.435379
0.435372
0.435439
0.435380
0.435227
0.435321
0.435517
0.435497
0.435359
0.435214
0.435087
0.435056
0.435400
0.435590
0.435334
0.435406
0.435231
0.435210
0.434274
0.434076
0.433897
0.433747
0.433764
0.434484
0.434039
0.434624
0.434491
0.435593
0.435453
0.435565
0.435328
0.435569
0.435912
0.435857
0.436019
0.435647
0.435782
0.435597
0.435781
0.435597
0.435641
0.435670
0.435687
0.435765
0.436035
0.436222
0.436293
0.436355
0.436752
0.436764
0.436296
0.436095
0.436192
0.436029
0.436046
0.435845
0.435678
0.435545
0.435520
0.435504
0.436099
0.436236
0.435952
0.435971
0.436144
0.436216
0.436131
0.436253
0.436061
0.436086
0.435957
0.435890
0.435955
0.436244
0.436240
0.436323
0.436037
0.435988
0.435901
0.436234
0.436204
0.436080
0.436270
0.436340
0.436189
0.436102
0.435308
0.435338
0.435266
0.435497
0.436103
0.436047
0.436272
0.436139
0.436198
0.435993
0.436173
0.436349
0.436109
0.436190
0.436153
0.436243
0.435470
0.435630
0.435801
0.436165
0.435254
0.435710
0.435531
0.435833
0.435730
0.435986
0.435201
0.435303
0.435117
0.435088
0.435046
0.435138
0.435109
0.435271
0.435262
0.435255
0.435163
0.435566
0.435501
0.435509
0.435476
0.435795
0.435347
0.435843
0.435618
0.435976
0.436282
0.436379
0.436441
0.436633
0.436126
0.436245
0.436350
0.436375
0.435329
0.435450
0.435333
0.435350
0.435153
0.435144
0.434827
0.434854
0.434865
0.434732
0.434742
0.434408
0.434377
0.434507
0.434608
0.435081
0.435341
0.435449
0.435508
0.435445
0.435391
0.435549
0.434801
0.433747
0.433486
0.433510
0.433859
0.434405
0.434427
0.435093
0.435051
0.435117
0.434416
0.434619
0.435276
0.434856
0.434941
0.435591
0.435825
0.435535
0.434561
0.434561
0.434868
0.435006
0.435304
0.435374
0.436245
0.436231
0.435282
0.435274
0.435460
0.435218
0.435545
0.434830
0.434793
0.434943
0.434569
0.433483
0.433326
0.434798
0.434926
0.435280
0.435319
0.435516
0.435677
0.435519
0.435562
0.435397
0.435377
0.435147
0.435106
0.435230
0.434719
0.434376
0.434792
0.434537
0.434732
0.434678
0.434383
0.434665
0.434685
0.434938
0.434608
0.434526
0.434752
0.434440
0.434447
0.434257
0.434576
0.434585
0.434395
0.434336
0.434188
0.434207
0.433938
0.434133
0.434048
0.434138
0.434188
0.434336
0.434507
0.434314
0.434388
0.434376
0.434207
0.433898
0.433860
0.433992
0.433950
0.433020
0.432723
0.432443
0.432381
0.433138
0.433261
0.432937
0.432959
0.433438
0.433383
0.433422
0.433502
0.433608
0.433095
0.433022
0.432944
0.432797
0.432784
0.433581
0.433346
0.433090
0.433171
0.433411
0.433367
0.433087
0.433126
0.433329
0.433212
0.433166
0.432765
0.432707
0.432791
0.432931
0.433198
0.433279
0.433236
0.433135
0.433065
0.432964
0.433023
0.432839
0.432882
0.434676
0.434126
0.433518
0.433914
0.434027
0.434157
0.434241
0.434931
0.434760
0.434736
0.434447
0.434633
0.434825
0.434713
0.435105
0.435150
0.435022
0.435437
0.435139
0.435163
0.435260
0.435287
0.435074
0.435096
0.435133
0.434946
0.435238
0.434601
0.434316
0.434826
0.434818
0.434656
0.435144
0.435516
0.436011
0.436140
0.436626
0.436613
0.436529
0.436458
0.436510
0.436186
0.435645
0.435483
0.435681
0.435430
0.434318
0.434394
0.434875
0.434571
0.434518
0.434415
0.434462
0.434511
0.434484
0.434174
0.434333
0.434343
0.433802
0.433928
0.434059
0.434042
0.433954
0.434284
0.433842
0.434009
0.434055
0.433787
0.433710
0.434000
0.433992
0.433789
0.433831
0.433735
0.433616
0.433406
0.433458
0.433321
0.433363
0.433841
0.433941
0.434013
0.433380
0.433185
0.433056
0.433096
0.432996
0.433328
0.433229
0.433122
0.432729
0.432760
0.432839
0.432952
0.432702
0.432901
0.432899
0.432899
0.432960
0.432994
0.432994
0.432861
0.433092
0.433059
0.433481
0.432972
0.432839
0.432760
0.432732
0.432609
0.432535
0.432725
0.432866
0.433100
0.433121
0.433043
0.433090
0.433112
0.433344
0.433602
0.433247
0.433099
0.432958
0.433013
0.432409
0.432662
0.432637
0.432572
0.432323
0.432253
0.432794
0.433359
0.433227
0.433317
0.433353
0.433307
0.433367
0.433575
0.433363
0.433324
0.433143
0.433147
0.433238
0.433228
0.433112
0.433069
0.432990
0.433239
0.433204
0.433274
0.433317
0.433048
0.433135
0.433327
0.432853
0.432956
0.433264
0.431863
0.431824
0.431931
0.431902
0.431409
0.431281
0.431536
0.431464
0.430886
0.431044
0.431207
0.431233
0.432173
0.432231
0.432078
0.432983
0.433276
0.433234
0.432479
0.432565
0.432617
0.432553
0.432420
0.431846
0.431880
0.432111
0.432112
0.431847
0.431957
0.431812
0.431824
0.432254
0.432348
0.431881
0.431749
0.431576
0.431643
0.431323
0.431423
0.430995
0.430869
0.430872
0.430625
0.430802
0.430972
0.431094
0.430924
0.430965
0.431100
0.431227
0.431261
0.431289
0.430389
0.430502
0.430525
0.430677
0.430418
0.430718
0.430636
0.430458
0.430564
0.430960
0.431133
0.430998
0.430862
0.430081
0.430550
0.430513
0.430518
0.430522
0.431240
0.431408
0.431310
0.432056
0.431707
0.431704
0.431489
0.431355
0.431155
0.431099
0.430857
0.430797
0.430816
0.431055
0.430816
0.430838
0.430712
0.430624
0.430649
0.431169
0.431163
0.431061
0.430950
0.430432
0.430454
0.430592
0.430751
0.430696
0.430723
0.430750
0.430598
0.430096
0.430198
0.430358
0.430524
0.430492
0.430687
0.430780
0.430553
0.430625
0.430208
0.429684
0.429569
0.429635
0.429910
0.430061
0.430011
0.429960
0.429955
0.430020
0.429938
0.430051
0.430042
0.430025
0.430326
0.430714
0.430882
0.430889
0.430940
0.431197
0.431507
0.431543
0.431022
0.431002
0.431188
0.431246
0.431355
0.431436
0.431372
0.431286
0.431300
0.431219
0.431265
0.430978
0.430810
0.430645
0.430487
0.430823
0.430823
0.430723
0.430554
0.430877
0.431921
0.431990
0.432231
0.432436
0.432558
0.432583
0.432602
0.432532
0.432148
0.432003
0.431754
0.431655
0.431568
0.431523
0.431405
0.431434
0.431373
0.431384
0.431364
0.431135
0.431249
0.430911
0.430994
0.431289
0.431373
0.431321
0.431179
0.431155
0.431026
0.431037
0.430981
0.431182
0.431348
0.431937
0.431973
0.431923
0.431786
0.431913
0.431710
0.431667
0.431393
0.431576
0.431609
0.431284
0.431089
0.431083
0.431165
0.431209
0.431380
0.431175
0.430988
0.430910
0.430680
0.430554
0.430741
0.430841
0.431032
0.431286
0.431107
0.431479
0.431283
0.430613
0.431108
0.431031
0.431041
0.431227
0.431237
0.431246
0.431206
0.431184
0.431210
0.431435
0.431235
0.431418
0.431029
0.431105
0.431013
0.431015
0.430907
0.430767
0.430855
0.430850
0.430853
0.431078
0.431015
0.430959
0.430894
0.431197
0.431027
0.431015
0.430545
0.430358
0.430258
0.430120
0.430132
0.430458
0.430193
0.430210
0.430040
0.430262
0.430434
0.430638
0.430715
0.431029
0.430940
0.430963
0.429390
0.429043
0.428765
0.428963
0.428993
0.429186
0.429165
0.428765
0.428834
0.428900
0.428881
0.429016
0.429184
0.429602
0.429488
0.429284
0.429331
0.429337
0.429940
0.430132
0.429938
0.429837
0.429665
0.429850
0.430071
0.430200
0.430394
0.430165
0.430134
0.430123
0.430187
0.430214
0.430404
0.430319
0.430195
0.430334
0.430394
0.430569
0.430363
0.430175
0.430065
0.430189
0.430211
0.430258
0.430287
0.430495
0.430576
0.430419
0.430339
0.430363
0.430808
0.430679
0.430853
0.430867
0.430633
0.430491
0.430509
0.430572
0.430422
0.429733
0.429934
0.429912
0.430437
0.430537
0.430379
0.430185
0.430528
0.430731
0.430800
0.430521
0.429731
0.429517
0.429258
0.429540
0.429470
0.429604
0.429511
0.429659
0.429453
0.429785
0.429257
0.429493
0.429441
0.429521
0.429296
0.429421
0.429451
0.429667
0.429809
0.430211
0.430119
0.430068
0.430073
0.430165
0.430188
0.429976
0.430071
0.429921
0.430130
0.429808
0.429883
0.429963
0.429391
0.429694
0.429671
0.429706
0.429850
0.429963
0.430110
0.430337
0.430238
0.429968
0.429935
0.429940
0.430200
0.429698
0.429873
0.429956
0.429674
0.429592
0.429545
0.430083
0.429860
0.429875
0.430291
0.430189
0.430482
0.430606
0.430290
0.430656
0.430611
0.430866
0.430777
0.430741
0.431092
0.431174
0.431488
0.431328
0.431001
0.430774
0.430668
0.430739
0.430689
0.430282
0.430407
0.430224
0.430536
0.430516
0.430558
0.430602
0.430631
0.430367
0.430373
0.430054
0.430375
0.430155
0.430194
0.429864
0.429887
0.429467
0.429415
0.429330
0.429115
0.429047
0.428972
0.428725
0.428760
0.428883
0.429112
0.429582
0.429557
0.430018
0.430139
0.430072
0.430048
0.430143
0.429972
0.430683
0.431123
0.431784
0.431621
0.430506
0.430367
0.430208
0.430073
0.430076
0.429859
0.430056
0.430006
0.430163
0.429811
0.429799
0.430045
0.430268
0.430198
0.430254
0.430017
0.429435
0.430011
0.430072
0.430171
0.430170
0.430216
0.429859
0.429872
0.430163
0.430059
0.429791
0.430072
0.429768
0.429602
0.429280
0.429319
0.428485
0.428569
0.428520
0.428382
0.428091
0.428059
0.428300
0.428085
0.427898
0.427964
0.427999
0.428024
0.428052
0.428342
0.428180
0.428309
0.428428
0.428385
0.428293
0.428307
0.428408
0.428458
0.428637
0.428455
0.428130
0.428081
0.427502
0.427286
0.427532
0.427514
0.427387
0.427311
0.427228
0.427033
0.427165
0.427018
0.427318
0.427398
0.427337
0.427397
0.427671
0.427679
0.427698
0.427244
0.427667
0.427443
0.427413
0.427331
0.427239
0.428133
0.428105
0.428500
0.428761
0.428616
0.428574
0.428571
0.428508
0.428505
0.428582
0.428935
0.428695
0.428532
0.428419
0.428252
0.428050
0.428014
0.427982
0.428210
0.428621
0.428570
0.428984
0.429020
0.428949
0.429047
0.428686
0.429362
0.428638
0.429157
0.429480
0.429322
0.429474
0.428401
0.428720
0.428168
0.428412
0.428425
0.428429
0.428995
0.429119
0.428956
0.428989
0.429226
0.429013
0.429089
0.429105
0.428872
0.429151
0.429306
0.429357
0.429344
0.429735
0.429889
0.429809
0.429809
0.429935
0.430181
0.430075
0.430017
0.429495
0.429505
0.429659
0.429565
0.429545
0.429316
0.429178
0.429199
0.429242
0.429176
0.428984
0.428919
0.429282
0.429205
0.429170
0.429347
0.429175
0.428983
0.429173
0.429203
0.428970
0.428865
0.428778
0.428944
0.428959
0.428730
0.429036
0.429315
0.429263
0.429402
0.429386
0.429591
0.429940
0.429788
0.429847
0.429670
0.429915
0.429907
0.429728
0.430257
0.430244
0.429945
0.430005
0.430045
0.429555
0.429602
0.429505
0.430068
0.429573
0.429520
0.429399
0.429434
0.429716
0.429675
0.429543
0.429254
0.429806
0.429866
0.430167
0.430192
0.430361
0.430732
0.430633
0.430982
0.430807
0.430787
0.430165
0.430430
0.430343
0.430774
0.431114
0.431412
0.431597
0.431128
0.431709
0.431623
0.431833
0.431639
0.431575
0.431619
0.431395
0.431530
0.431624
0.431635
0.431077
0.431126
0.431298
0.430496
0.430619
0.430353
0.429910
0.430080
0.429978
0.428143
0.428184
0.428678
0.428385
0.428477
0.428486
0.428613
0.428569
0.428565
0.428506
0.428253
0.428182
0.428166
0.428464
0.428424
0.428367
0.428520
0.428594
0.428729
0.428850
0.428141
0.428112
0.428465
0.428890
0.429005
0.429159
0.429263
0.429532
0.428989
0.429026
0.428825
0.428359
0.428326
0.428131
0.428074
0.429227
0.429012
0.429038
0.429029
0.428938
0.429000
0.428931
0.429184
0.428853
0.428810
0.428693
0.428753
0.428596
0.428666
0.429024
0.429142
0.429528
0.428880
0.428908
0.428983
0.428418
0.428834
0.428893
0.428691
0.428032
0.428164
0.427991
0.427990
0.428209
0.428314
0.428349
0.427980
0.428399
0.428252
0.428956
0.428972
0.429092
0.429207
0.429357
0.428918
0.427283
0.427210
0.426897
0.427008
0.427283
0.427291
0.427070
0.427187
0.428351
0.428337
0.428069
0.427749
0.427912
0.428281
0.428355
0.428412
0.428412
0.428421
0.428443
0.428371
0.428050
0.428129
0.427967
0.427968
0.427779
0.427941
0.427925
0.427997
0.428079
0.428102
0.428212
0.428298
0.428426
0.428449
0.428750
0.428798
0.428719
0.428313
0.427643
0.427709
0.427796
0.427423
0.427363
0.427410
0.427750
0.427440
0.427586
0.427093
0.426999
0.427603
0.427381
0.427256
0.426937
0.426907
0.427164
0.427128
0.426943
0.426874
0.426564
0.427172
0.426899
0.426919
0.427003
0.427001
0.427061
0.427243
0.427509
0.427357
0.426659
0.426499
0.426482
0.426467
0.426232
0.426129
0.426776
0.426516
0.426633
0.427319
0.426444
0.426839
0.426762
0.426714
0.426590
0.426468
0.426751
0.425710
0.425897
0.425769
0.425859
0.425803
0.425886
0.425712
0.425566
0.425441
0.425444
0.425661
0.425537
0.425788
0.425960
0.425682
0.425357
0.425559
0.425111
0.424869
0.424704
0.425203
0.425078
0.424863
0.424824
0.425121
0.424985
0.425216
0.425256
0.425002
0.424946
0.424956
0.424899
0.424784
0.424743
0.424824
0.424745
0.424577
0.424979
0.424929
0.424892
0.424824
0.424942
0.425421
0.425428
0.425237
0.425054
0.424730
0.424661
0.424446
0.424072
0.423924
0.423784
0.423702
0.423762
0.423964
0.423841
0.423832
0.423936
0.423799
0.423893
0.423597
0.423692
0.423669
0.423971
0.424034
0.423902
0.423330
0.423821
0.423432
0.423163
0.423303
0.423755
0.423644
0.423514
0.423497
0.423378
0.423640
0.423440
0.423266
0.423086
0.423173
0.423639
0.423366
0.423512
0.423947
0.423799
0.423882
0.423799
0.423782
0.423904
0.423785
0.423957
0.424110
0.424021
0.423971
0.424375
0.424377
0.424529
0.424472
0.424472
0.424090
0.423894
0.423968
0.424034
0.424491
0.424268
0.424213
0.424599
0.424613
0.424765
0.424556
0.424579
0.424714
0.424782
0.424393
0.424428
0.424471
0.424462
0.423943
0.424079
0.424043
0.423807
0.423600
0.423850
0.424421
0.424759
0.424739
0.424764
0.424565
0.424581
0.424641
0.424492
0.424781
0.424012
0.424038
0.424001
0.424039
0.423918
0.423928
0.424038
0.424095
0.424096
0.423845
0.424032
0.424052
0.423538
0.423693
0.424154
0.424543
0.424509
0.424586
0.424460
0.424232
0.424540
0.424074
0.424730
0.424574
0.424430
0.424449
0.424120
0.424459
0.424409
0.424331
0.424257
0.424422
0.424445
0.424445
0.424576
0.424308
0.424319
0.424178
0.424463
0.424545
0.424451
0.424430
0.424454
0.424551
0.424607
0.424621
0.424570
0.424458
0.424437
0.424122
0.424136
0.424133
0.424339
0.424779
0.423933
0.423899
0.423959
0.423978
0.423959
0.425081
0.425053
0.425481
0.425543
0.425443
0.425530
0.425647
0.425819
0.425919
0.425897
0.425230
0.425094
0.424981
0.424473
0.424297
0.424277
0.424745
0.424783
0.424446
0.424336
0.424229
0.424652
0.424557
0.424516
0.424456
0.424650
0.424693
0.424659
0.424865
0.424930
0.425009
0.424958
0.425074
0.425038
0.426324
0.426217
0.425792
0.425918
0.426132
0.425812
0.424582
0.425243
0.425143
0.425202
0.425208
0.424971
0.425145
0.424842
0.424939
0.425025
0.424805
0.424759
0.424708
0.424718
0.424587
0.425053
0.425193
0.425680
0.425658
0.425502
0.425398
0.425632
0.425487
0.425399
0.425858
0.425909
0.426036
0.426030
0.426152
0.426181
0.426228
0.426689
0.426727
0.426966
0.426968
0.427888
0.427685
0.427722
0.429034
0.428974
0.429160
0.428895
0.428935
0.428998
0.429060
0.429286
0.429280
0.429344
0.429125
0.429341
0.429336
0.429314
0.429467
0.429069
0.429307
0.428955
0.428993
0.428948
0.429381
0.429505
0.429435
0.429480
0.428980
0.429073
0.429020
0.428885
0.429085
0.428876
0.428789
0.428768
0.428773
0.428615
0.428731
0.428166
0.427985
0.427999
0.428133
0.428118
0.428142
0.428171
0.428641
0.428790
0.428940
0.428724
0.429242
0.428911
0.428982
0.428684
0.428741
0.428697
0.428956
0.429151
0.429634
0.429507
0.429713
0.428979
0.429009
0.428939
0.429061
0.429083
0.428799
0.428899
0.428969
0.427471
0.427395
0.427701
0.427505
0.428277
0.428179
0.428285
0.427768
0.428448
0.428051
0.428342
0.428250
0.427993
0.427748
0.427871
0.427540
0.427200
0.427139
0.427314
0.427367
0.427231
0.427326
0.427233
0.427238
0.427321
0.427125
0.426698
0.426714
0.426325
0.426532
0.426527
0.426572
0.426404
0.426584
0.426477
0.426543
0.425927
0.426103
0.426054
0.426006
0.425896
0.426007
0.425830
0.425750
0.425880
0.426285
0.426439
0.426647
0.426567
0.425169
0.425095
0.425403
0.425413
0.425603
0.425749
0.425464
0.425396
0.425268
0.425216
0.425532
0.425820
0.425949
0.425794
0.425794
0.425937
0.426517
0.426681
0.426779
0.426814
0.426598
0.426269
0.426199
0.426451
0.426574
0.425982
0.426115
0.426315
0.426980
0.426494
0.426552
0.426495
0.426672
0.427029
0.427068
0.427050
0.426843
0.426568
0.426658
0.426585
0.426618
0.426622
0.426382
0.425737
0.425933
0.425965
0.425907
0.425884
0.426481
0.426503
0.426885
0.427132
0.426796
0.427055
0.427353
0.426991
0.427292
0.427212
0.427311
0.427244
0.427335
0.427347
0.427212
0.427183
0.427106
0.427833
0.428718
0.428941
0.429002
0.429190
0.429582
0.429753
0.429614
0.429184
0.429105
0.429166
0.428981
0.429021
0.428807
0.428587
0.428387
0.428411
0.428158
0.428407
0.428417
0.428279
0.428200
0.428401
0.428419
0.428428
0.428243
0.428461
0.428299
0.428257
0.428274
0.428351
0.428540
0.428637
0.428817
0.428856
0.428828
0.428747
0.428930
0.428482
0.428582
0.428565
0.428560
0.428710
0.428779
0.428511
0.429332
0.429617
0.429661
0.429867
0.429881
0.430010
0.429987
0.430053
0.430017
0.429854
0.430433
0.430990
0.430889
0.430745
0.430772
0.430652
0.430697
0.430727
0.430911
0.431425
0.430875
0.430885
0.430792
0.431167
0.430989
0.430637
0.430616
0.429741
0.430086
0.430158
0.430007
0.429959
0.430267
0.430585
0.430414
0.430287
0.430104
0.429937
0.429924
0.430033
0.429905
0.429927
0.430083
0.429956
0.430039
0.430308
0.430523
0.430631
0.431025
0.431081
0.430773
0.430641
0.430789
0.431105
0.431184
0.430860
0.430995
0.430917
0.430825
0.430812
0.430800
0.430832
0.431005
0.431512
0.431931
0.431907
0.431995
0.431789
0.431799
0.431591
0.431522
0.431479
0.431452
0.431278
0.431253
0.431183
0.431131
0.431159
0.431005
0.431150
0.431188
0.431377
0.431261
0.431532
0.431628
0.431766
0.431853
0.432011
0.432064
0.431395
0.430888
0.430754
0.430752
0.430736
0.431005
0.431309
0.431312
0.431153
0.431084
0.430989
0.430988
0.430991
0.430975
0.431036
0.431045
0.431090
0.431074
0.431194
0.431216
0.431464
0.431235
0.431440
0.431589
0.431562
0.431315
0.432205
0.432101
0.431915
0.431859
0.431191
0.431277
0.431413
0.431442
0.431435
0.431425
0.431301
0.431296
0.431154
0.431314
0.431567
0.431744
0.431688
0.431621
0.431674
0.431863
0.431807
0.431902
0.432227
0.432359
0.432476
0.432521
0.432155
0.432372
0.431821
0.431789
0.432147
0.431928
0.431788
0.431396
0.431433
0.431476
0.431829
0.432065
0.432100
0.431836
0.431928
0.431925
0.431763
0.432064
0.431869
0.431869
0.431858
0.431960
0.431890
0.431974
0.431929
0.431949
0.432131
0.432086
0.432056
0.431787
0.432081
0.431572
0.431443
0.431660
0.431995
0.431832
0.432098
0.432257
0.432335
0.432465
0.432308
0.432187
0.432514
0.432472
0.432395
0.432629
0.432753
0.432655
0.432915
0.432956
0.432814
0.432495
0.432461
0.432327
0.432373
0.432102
0.432516
0.432689
0.433000
0.432967
0.432559
0.432794
0.432797
0.432700
0.432479
0.432472
0.432589
0.432275
0.432296
0.431927
0.431963
0.431789
0.431751
0.431692
0.431614
0.431676
0.431659
0.431379
0.430966
0.430908
0.430613
0.430655
0.430657
0.430737
0.430957
0.430961
0.431057
0.431128
0.431190
0.431097
0.430965
0.430662
0.430712
0.430590
0.430790
0.430865
0.431016
0.431300
0.430961
0.430672
0.430991
0.431093
0.431234
0.431570
0.431689
0.431441
0.431396
0.430993
0.431476
0.431140
0.431158
0.431963
0.431921
0.431751
0.432000
0.431482
0.431414
0.431125
0.431146
0.430950
0.431297
0.431350
0.431027
0.430827
0.430967
0.431126
0.431244
0.431560
0.431847
0.431950
0.431997
0.431722
0.431933
0.431036
0.430558
0.430737
0.430703
0.430495
0.430494
0.430427
0.430331
0.429430
0.429202
0.429021
0.428835
0.428680
0.428626
0.428697
0.428556
0.428510
0.428462
0.428388
0.428346
0.428687
0.428334
0.428298
0.428197
0.428363
0.428525
0.428521
0.428486
0.428550
0.428588
0.428573
0.428745
0.428762
0.428843
0.428769
0.428768
0.428806
0.428748
0.428831
0.428873
0.428902
0.429869
0.429956
0.430065
0.430167
0.429517
0.429834
0.429412
0.429437
0.429688
0.429476
0.429651
0.429569
0.429573
0.429570
0.429536
0.429821
0.429731
0.429691
0.429932
0.429517
0.429420
0.429325
0.429251
0.429187
0.429161
0.429351
0.429560
0.429571
0.430275
0.430501
0.430509
0.430579
0.430592
0.430483
0.430163
0.429873
0.429996
0.429916
0.429541
0.429527
0.430286
0.430054
0.429956
0.429953
0.430035
0.429872
0.429796
0.429297
0.429343
0.429197
0.429190
0.429246
0.429210
0.429065
0.429357
0.429268
0.429083
0.429191
0.429175
0.429407
0.429336
0.429032
0.429175
0.428844
0.428888
0.428873
0.428621
0.428515
0.428524
0.428532
0.428544
0.428606
0.428459
0.428396
0.428685
0.428646
0.428598
0.428607
0.428680
0.428516
0.428374
0.428382
0.428313
0.428421
0.428357
0.428126
0.428466
0.428562
0.428505
0.428213
0.428255
0.428225
0.428345
0.428252
0.428465
0.428821
0.428566
0.427869
0.427769
0.427875
0.427563
0.427537
0.427842
0.427797
0.427883
0.428062
0.427884
0.427557
0.427561
0.427190
0.427583
0.427584
0.427478
0.427613
0.427898
0.427850
0.427840
0.427561
0.427376
0.427500
0.427540
0.428009
0.427840
0.427758
0.427681
0.427987
0.427820
0.427375
0.427252
0.427095
0.427016
0.427028
0.427143
0.427112
0.427072
0.427055
0.426714
0.426936
0.427027
0.426567
0.426667
0.426599
0.426572
0.426600
0.426738
0.426883
0.427112
0.427088
0.426791
0.426668
0.427036
0.427170
0.427355
0.427301
0.427334
0.427165
0.427011
0.427181
0.427088
0.427175
0.427084
0.427119
0.427393
0.427353
0.427438
0.427678
0.427653
0.427757
0.427814
0.428015
0.427280
0.427424
0.427416
0.427465
0.427452
0.427747
0.427642
0.427529
0.427437
0.427392
0.427274
0.426764
0.426686
0.427173
0.427151
0.426916
0.427052
0.426997
0.426708
0.426638
0.426652
0.426584
0.426746
0.426977
0.426980
0.427384
0.427313
0.427478
0.427638
0.427518
0.427068
0.426939
0.427075
0.427545
0.427611
0.427469
0.427277
0.426974
0.426869
0.426904
0.427125
0.426964
0.426558
0.426529
0.425885
0.426013
0.426155
0.425968
0.425990
0.426051
0.426181
0.426172
0.426403
0.426330
0.426527
0.426606
0.426670
0.426590
0.426684
0.426268
0.426433
0.426012
0.425809
0.426083
0.426763
0.427336
0.427315
0.427267
0.427160
0.427486
0.427480
0.427155
0.427164
0.426940
0.427123
0.427190
0.426946
0.426954
0.427409
0.427469
0.427520
0.427284
0.426831
0.426555
0.426557
0.426501
0.426356
0.426156
0.426268
0.426215
0.425932
0.425917
0.425917
0.426554
0.426683
0.425988
0.426075
0.426098
0.425810
0.425716
0.425783
0.425478
0.425630
0.425704
0.425598
0.425638
0.425658
0.425468
0.425846
0.425992
0.426044
0.425652
0.425665
0.425648
0.425332
0.424772
0.424793
0.424865
0.425135
0.424905
0.424965
0.425037
0.424577
0.424702
0.424810
0.424641
0.424537
0.425076
0.424951
0.424822
0.425209
0.425516
0.425380
0.425735
0.425644
0.425569
0.425722
0.425378
0.425675
0.425712
0.426009
0.426133
0.426223
0.425739
0.425893
0.425824
0.425713
0.425575
0.425595
0.425592
0.425892
0.425882
0.425806
0.425589
0.425424
0.426018
0.425673
0.425769
0.425951
0.426069
0.426086
0.426127
0.426023
0.426239
0.426420
0.426286
0.425536
0.425850
0.425585
0.425620
0.425642
0.425859
0.425987
0.426284
0.426118
0.425928
0.425800
0.425971
0.426081
0.426147
0.425759
0.425674
0.425390
0.425518
0.425796
0.425745
0.425915
0.425892
0.426049
0.426118
0.426247
0.426137
0.426058
0.425630
0.425529
0.425515
0.426564
0.426391
0.426020
0.425871
0.425766
0.425821
0.425923
0.425511
0.425386
0.424812
0.424698
0.423835
0.423776
0.423807
0.423195
0.423160
0.423674
0.423498
0.423527
0.422509
0.422512
0.422597
0.422058
0.421727
0.422207
0.422483
0.422542
0.421981
0.422335
0.422257
0.422096
0.422138
0.422440
0.422392
0.422619
0.422576
0.422952
0.422870
0.422695
0.422395
0.422523
0.422425
0.422303
0.421988
0.422063
0.421959
0.421941
0.421889
0.422024
0.421538
0.421615
0.421889
0.421880
0.422115
0.421972
0.421716
0.421563
0.421707
0.421652
0.421950
0.421793
0.422166
0.422681
0.422450
0.422658
0.422684
0.422596
0.422454
0.422696
0.422646
0.422866
0.422803
0.422857
0.422877
0.422763
0.422431
0.422441
0.422396
0.422283
0.421729
0.421879
0.421722
0.421834
0.421865
0.421867
0.422459
0.422948
0.422860
0.422695
0.423286
0.423394
0.423327
0.423415
0.423393
0.423436
0.423127
0.423198
0.423076
0.423202
0.423133
0.423186
0.423124
0.423371
0.423162
0.423281
0.422982
0.422698
0.422663
0.422807
0.422800
0.422792
0.422620
0.422520
0.422485
0.422694
0.422786
0.422815
0.423201
0.422950
0.423291
0.423272
0.423158
0.423283
0.423297
0.423233
0.423305
0.423573
0.424028
0.423889
0.423840
0.423359
0.423321
0.423395
0.423257
0.423299
0.423055
0.423138
0.424369
0.424587
0.424748
0.424651
0.424503
0.424740
0.424530
0.424744
0.424390
0.424337
0.424793
0.424509
0.424757
0.424853
0.424877
0.425273
0.425280
0.425028
0.424876
0.424846
0.425293
0.425369
0.425409
0.425408
0.425548
0.425421
0.425056
0.425069
0.425111
0.425384
0.425452
0.425214
0.425212
0.425519
0.425436
0.425673
0.425655
0.425873
0.425623
0.425566
0.425249
0.425221
0.425346
0.425829
0.425915
0.426273
0.425969
0.425642
0.425527
0.425231
0.425692
0.425465
0.425441
0.425468
0.425268
0.425139
0.425711
0.425770
0.425866
0.425924
0.426351
0.425889
0.426071
0.425943
0.425875
0.425726
0.425598
0.425193
0.425065
0.425357
0.425561
0.425516
0.425599
0.426819
0.426688
0.426805
0.427098
0.427187
0.427219
0.427239
0.427169
0.427006
0.426878
0.426802
0.426823
0.426661
0.426569
0.426248
0.426217
0.426218
0.426214
0.426193
0.426153
0.426220
0.426322
0.426491
0.426755
0.426691
0.426534
0.426567
0.427126
0.427040
0.426951
0.426979
0.426888
0.426953
0.427417
0.427466
0.427460
0.427325
0.427288
0.427387
0.427400
0.427588
0.427553
0.427744
0.427811
0.427607
0.427739
0.427840
0.427604
0.427728
0.427792
0.427838
0.427806
0.427930
0.427949
0.427539
0.427700
0.427609
0.427814
0.427803
0.427881
0.427952
0.427707
0.427642
0.427703
0.428002
0.427592
0.427813
0.427786
0.427550
0.428146
0.428246
0.428356
0.428353
0.428238
0.428259
0.428167
0.428213
0.427825
0.427719
0.427783
0.427672
0.427960
0.427908
0.428127
0.428255
0.428020
0.428092
0.427946
0.428629
0.428405
0.428405
0.428372
0.428610
0.428415
0.428488
0.428683
0.428694
0.428391
0.428665
0.428923
0.428805
0.428903
0.428786
0.428829
0.428944
0.429220
0.429001
0.429073
0.429008
0.429513
0.429678
0.429677
0.429816
0.429912
0.429937
0.430014
0.430252
0.430198
0.430264
0.430248
0.430396
0.430396
0.430406
0.430340
0.430271
0.429410
0.429269
0.429366
0.429483
0.429458
0.429500
0.429489
0.429724
0.429604
0.429335
0.429370
0.429371
0.429375
0.429339
0.429595
0.429656
0.430083
0.429990
0.430617
0.430645
0.430877
0.431154
0.431137
0.431353
0.431021
0.430926
0.430889
0.430723
0.430691
0.430133
0.430370
0.430844
0.430571
0.430787
0.430897
0.430804
0.430994
0.431175
0.430641
0.430854
0.431160
0.430830
0.430908
0.430686
0.430596
0.430650
0.430991
0.430789
0.430986
0.430840
0.431109
0.431278
0.431519
0.431328
0.431357
0.431418
0.431683
0.431648
0.431756
0.431655
0.431614
0.431291
0.431045
0.430896
0.430732
0.430714
0.430575
0.430789
0.430762
0.431012
0.431026
0.431157
0.431004
0.430956
0.430833
0.430930
0.430845
0.430583
0.430727
0.430882
0.430307
0.430340
0.430860
0.431069
0.430716
0.430783
0.430986
0.431279
0.430989
0.430835
0.430822
0.430884
0.431030
0.431012
0.430911
0.430773
0.430904
0.430585
0.430505
0.430457
0.430442
0.430311
0.429753
0.429654
0.429694
0.429717
0.429704
0.429461
0.429031
0.428974
0.428624
0.428632
0.428904
0.428975
0.428737
0.428764
0.428437
0.428422
0.428271
0.428133
0.427910
0.427511
0.427132
0.427163
0.427778
0.427844
0.427847
0.427872
0.428157
0.428003
0.428377
0.428412
0.428251
0.428648
0.428177
0.428120
0.428118
0.428120
0.428340
0.428876
0.428622
0.428424
0.428606
0.428716
0.428755
0.429514
0.429481
0.429371
0.429316
0.429188
0.429874
0.429800
0.429918
0.429711
0.429586
0.428516
0.428450
0.428568
0.428589
0.428582
0.428451
0.428536
0.428443
0.428747
0.428750
0.428737
0.428861
0.429513
0.429682
0.429768
0.429840
0.429671
0.429701
0.429910
0.430003
0.429939
0.430225
0.430299
0.429966
0.429874
0.429919
0.429757
0.429898
0.429760
0.429740
0.429796
0.429939
0.429377
0.429200
0.429150
0.428384
0.427923
0.427656
0.427828
0.427637
0.427469
0.427616
0.427708
0.427634
0.428083
0.428112
0.428555
0.428497
0.428813
0.428973
0.428905
0.428629
0.428476
0.428166
0.428179
0.428398
0.428758
0.428672
0.428762
0.428679
0.427935
0.428109
0.426746
0.426356
0.426177
0.426224
0.426378
0.426380
0.426322
0.426147
0.426211
0.426362
0.425917
0.425885
0.425965
0.425661
0.425670
0.425907
0.425795
0.426149
0.426020
0.425791
0.425828
0.425793
0.425700
0.425349
0.425405
0.425344
0.425564
0.425675
0.425891
0.425856
0.425612
0.426075
0.426708
0.426584
0.426963
0.427318
0.427138
0.427227
0.427605
0.427750
0.427660
0.427545
0.427644
0.427266
0.427357
0.427124
0.426901
0.427025
0.426785
0.426787
0.427859
0.427342
0.427447
0.427380
0.427171
0.427417
0.427353
0.427270
0.427426
0.427428
0.427210
0.427120
0.426808
0.426858
0.426701
0.426847
0.426759
0.426453
0.426531
0.426666
0.426804
0.426840
0.426520
0.426520
0.426416
0.426854
0.426855
0.426421
0.426477
0.426071
0.426925
0.427246
0.427449
0.428009
0.428157
0.428030
0.428071
0.428164
0.428036
0.427588
0.427428
0.427597
0.427167
0.427468
0.427385
0.427386
0.427323
0.427474
0.427466
0.427483
0.427688
0.427828
0.427743
0.427747
0.428135
0.428459
0.428701
0.428054
0.427932
0.428064
0.427818
0.427860
0.427668
0.427720
0.427566
0.427654
0.427381
0.427236
0.427189
0.426953
0.426778
0.426935
0.426556
0.426961
0.426838
0.426752
0.426658
0.426590
0.426364
0.426319
0.426455
0.426659
0.426614
0.426705
0.426775
0.426989
0.426542
0.426616
0.426667
0.426712
0.426819
0.427015
0.427048
0.427040
0.427146
0.427739
0.427528
0.427528
0.427246
0.427588
0.427209
0.427117
0.427140
0.427214
0.426732
0.426936
0.426969
0.426552
0.426602
0.426996
0.427209
0.426998
0.426723
0.427196
0.427164
0.427255
0.427463
0.427585
0.427458
0.427639
0.427532
0.427254
0.427029
0.426973
0.426871
0.427194
0.427127
0.427080
0.427197
0.426942
0.427281
0.427161
0.427024
0.427143
0.427384
0.427419
0.427681
0.427573
0.426528
0.426240
0.426356
0.426353
0.426238
0.426211
0.426186
0.426471
0.426187
0.426278
0.426014
0.425683
0.425747
0.425769
0.426026
0.426259
0.426776
0.426702
0.426335
0.426118
0.426496
0.426391
0.426552
0.426385
0.426031
0.425610
0.425667
0.425588
0.425506
0.426089
0.426102
0.425983
0.426180
0.425511
0.425973
0.426094
0.425683
0.425631
0.425610
0.425700
0.425616
0.425815
0.426103
0.426071
0.426257
0.426040
0.426218
0.426346
0.425528
0.425559
0.425282
0.425529
0.425636
0.425663
0.425802
0.425969
0.425961
0.425884
0.425207
0.425107
0.425327
0.425308
0.424756
0.425056
0.425080
0.425145
0.425365
0.425158
0.425018
0.425217
0.425110
0.425079
0.424773
0.424968
0.424819
0.424982
0.424973
0.424494
0.424474
0.424448
0.424474
0.424629
0.424836
0.424833
0.424819
0.424831
0.424955
0.424934
0.424063
0.423940
0.423916
0.423602
0.423668
0.423515
0.423655
0.423426
0.423792
0.423875
0.423488
0.423512
0.423655
0.423699
0.423843
0.423806
0.423517
0.423642
0.423437
0.423228
0.423119
0.423080
0.423141
0.423366
0.423841
0.424089
0.424600
0.425040
0.425041
0.425053
0.425078
0.425003
0.424847
0.424895
0.424866
0.425306
0.425330
0.425453
0.425337
0.425208
0.425139
0.425578
0.425481
0.425599
0.425746
0.425703
0.425707
0.425329
0.425004
0.425155
0.425051
0.425121
0.425631
0.425938
0.426031
0.426122
0.426172
0.426237
0.426170
0.427010
0.427200
0.427518
0.427004
0.427302
0.427086
0.426959
0.427019
0.427061
0.427288
0.427367
0.427291
0.427069
0.427454
0.427804
0.427546
0.427847
0.427420
0.427373
0.427108
0.427408
0.427280
0.427489
0.427243
0.427162
0.427690
0.427711
0.427694
0.427684
0.427967
0.428277
0.428188
0.428200
0.428408
0.428352
0.428391
0.428314
0.428822
0.428361
0.428293
0.427927
0.427327
0.427235
0.427189
0.427079
0.427030
0.427061
0.427119
0.427276
0.426385
0.426474
0.426536
0.426571
0.426724
0.426590
0.427231
0.427325
0.427442
0.427556
0.427740
0.427199
0.427557
0.427885
0.427839
0.427676
0.427658
0.427906
0.428225
0.428251
0.428506
0.427392
0.427437
0.427359
0.427655
0.427731
0.427516
0.427369
0.427387
0.427387
0.427408
0.427269
0.427134
0.427245
0.427474
0.427888
0.427558
0.427204
0.427106
0.427208
0.427480
0.427731
0.427409
0.427342
0.427568
0.427604
0.427053
0.427098
0.426922
0.426950
0.427787
0.428020
0.427820
0.427241
0.427073
0.427213
0.427457
0.427529
0.425813
0.425788
0.425597
0.425643
0.426293
0.426098
0.426004
0.425932
0.425862
0.425965
0.425943
0.425804
0.425832
0.426137
0.425880
0.425985
0.426000
0.425923
0.425731
0.425731
0.425900
0.426261
0.426160
0.426142
0.426318
0.426375
0.426575
0.426668
0.426757
0.426408
0.426226
0.426188
0.426161
0.426668
0.426565
0.426468
0.426936
0.426679
0.426600
0.427528
0.427551
0.427542
0.427598
0.427522
0.427254
0.428209
0.428140
0.427565
0.427779
0.427912
0.428055
0.428582
0.428356
0.428416
0.428373
0.428657
0.428189
0.428197
0.428280
0.427635
0.427727
0.428458
0.428248
0.428289
0.427797
0.427808
0.427519
0.427506
0.428109
0.427438
0.427691
0.427570
0.427476
0.427561
0.427909
0.428161
0.427913
0.428137
0.428321
0.428385
0.428023
0.429227
0.429435
0.429677
0.429564
0.429364
0.429396
0.429205
0.429233
0.429355
0.429105
0.429169
0.428277
0.428073
0.428008
0.427939
0.428145
0.428268
0.428326
0.428360
0.428450
0.428199
0.428083
0.427892
0.427467
0.427233
0.427427
0.427250
0.427129
0.427125
0.427000
0.426789
0.427034
0.427066
0.427073
0.427044
0.427226
0.427200
0.427392
0.427304
0.427614
0.427676
0.427997
0.427642
0.427715
0.427905
0.427328
0.427492
0.427561
0.427513
0.427284
0.427208
0.427228
0.427300
0.426833
0.426814
0.426766
0.425581
0.425566
0.425747
0.425905
0.425937
0.425997
0.426296
0.427020
0.427043
0.426570
0.426852
0.427264
0.426704
0.426834
0.426788
0.427142
0.426896
0.426829
0.426763
0.425950
0.425492
0.425635
0.425680
0.425707
0.425978
0.426012
0.426100
0.426012
0.425886
0.426241
0.426385
0.426222
0.425974
0.425779
0.425742
0.425931
0.426447
0.426499
0.426500
0.426521
0.426649
0.426619
0.426653
0.426790
0.426915
0.427298
0.427223
0.426846
0.426894
0.427155
0.426750
0.426501
0.426599
0.426568
0.425916
0.425873
0.426004
0.426309
0.426459
0.426655
0.426255
0.426063
0.426297
0.425685
0.425481
0.425536
0.425691
0.425488
0.425510
0.425633
0.425342
0.425369
0.425614
0.425767
0.426004
0.426336
0.426155
0.426061
0.426159
0.426082
0.425990
0.425408
0.425351
0.425343
0.425925
0.425857
0.425926
0.425610
0.425825
0.425747
0.425520
0.425322
0.425183
0.425374
0.424486
0.424395
0.424204
0.423974
0.423878
0.423878
0.423879
0.423801
0.423676
0.423456
0.423303
0.423343
0.423396
0.423882
0.424000
0.423648
0.423799
0.423772
0.423516
0.423671
0.423594
0.423560
0.423798
0.425041
0.424326
0.424975
0.425018
0.424863
0.424976
0.425424
0.425533
0.425603
0.425958
0.426166
0.426203
0.426265
0.426482
0.426498
0.426507
0.426521
0.426752
0.426796
0.427142
0.427057
0.427432
0.427380
0.427554
0.427094
0.427072
0.427247
0.427139
0.427542
0.427381
0.427395
0.427512
0.427164
0.427166
0.426788
0.426310
0.426417
0.426543
0.426642
0.426736
0.426725
0.426973
0.426573
0.426301
0.425701
0.426159
0.426120
0.426577
0.426675
0.425907
0.426863
0.426723
0.427301
0.427097
0.426425
0.427124
0.426927
0.426923
0.426337
0.426050
0.426662
0.426668
0.426693
0.427737
0.427821
0.427058
0.427228
0.427056
0.427124
0.427450
0.427386
0.427392
0.426477
0.426765
0.427159
0.427505
0.427514
0.427188
0.426617
0.427030
0.427091
0.427036
0.426668
0.426456
0.426755
0.426521
0.426495
0.426637
0.426438
0.427085
0.427293
0.427335
0.428096
0.428219
0.428652
0.428405
0.428369
0.428496
0.428611
0.428489
0.428554
0.428683
0.428866
0.428842
0.428920
0.428888
0.429279
0.429294
0.429362
0.429355
0.429527
0.429020
0.429841
0.429878
0.429943
0.429788
0.429603
0.429700
0.430436
0.430804
0.431518
0.431663
0.431704
0.431795
0.431897
0.431786
0.432265
0.432136
0.432261
0.432016
0.431871
0.431684
0.431784
0.431637
0.431023
0.431200
0.431171
0.430889
0.430714
0.430535
0.430422
0.430636
0.430627
0.430829
0.430353
0.430189
0.430958
0.430659
0.430656
0.430619
0.431097
0.430716
0.431188
0.431249
0.430866
0.430717
0.430726
0.430727
0.430425
0.430380
0.430485
0.430266
0.429791
0.429853
0.429995
0.430119
0.430482
0.430210
0.430645
0.430872
0.431210
0.431105
0.431399
0.432038
0.431833
0.431955
0.431652
0.431573
0.431403
0.431997
0.432215
0.431734
0.431794
0.431819
0.431884
0.431983
0.432197
0.432108
0.431228
0.431824
0.431118
0.431705
0.431533
0.431163
0.431596
0.431020
0.431455
0.431019
0.431666
0.431243
0.431977
0.431984
0.431353
0.432024
0.431823
0.431811
0.431919
0.432067
0.431650
0.431751
0.431470
0.431572
0.431365
0.431122
0.431177
0.431121
0.431206
0.431776
0.431873
0.431902
0.431818
0.431683
0.431834
0.431966
0.432215
0.432250
0.432181
0.432151
0.432096
0.432389
0.432322
0.431148
0.431047
0.430957
0.431209
0.431103
0.431279
0.430855
0.431121
0.431281
0.431178
0.430912
0.431042
0.430932
0.431103
0.431272
0.431035
0.431174
0.431043
0.431308
0.431460
0.431044
0.430923
0.430564
0.431415
0.431366
0.432189
0.433022
0.433036
0.433045
0.433058
0.433103
0.433328
0.433532
0.433420
0.432923
0.433483
0.432645
0.432567
0.432489
0.432308
0.431848
0.431679
0.432063
0.431581
0.431078
0.431099
0.431885
0.432014
0.431891
0.432108
0.431430
0.431635
0.431543
0.432431
0.431689
0.432489
0.432258
0.432155
0.431902
0.431844
0.431999
0.432108
0.432341
0.432338
0.432166
0.432095
0.432108
0.432211
0.432259
0.432360
0.432646
0.432691
0.432603
0.432699
0.432664
0.432122
0.432163
0.432794
0.432704
0.432774
0.432695
0.431811
0.432572
0.432472
0.432330
0.432236
0.432598
0.432234
0.431913
0.431865
0.431837
0.431594
0.431398
0.431571
0.431743
0.431566
0.431626
0.431806
0.431954
0.431661
0.431516
0.431174
0.431368
0.431359
0.431099
0.431118
0.431179
0.431302
0.431440
0.431506
0.431193
0.431497
0.431458
0.431136
0.431045
0.430962
0.430835
0.430992
0.430955
0.430921
0.431189
0.431459
0.431456
0.431366
0.431111
0.431700
0.431589
0.431500
0.431291
0.430289
0.430304
0.430809
0.431025
0.430607
0.430527
0.430436
0.430441
0.430382
0.430515
0.430406
0.430376
0.430595
0.430550
0.430505
0.430250
0.430272
0.430270
0.430803
0.430335
0.430336
0.430185
0.430625
0.430768
0.430526
0.430135
0.430065
0.430151
0.430724
0.430981
0.430897
0.430169
0.430210
0.429979
0.429968
0.430012
0.429921
0.429987
0.429367
0.429460
0.429494
0.429921
0.429919
0.429705
0.429901
0.429965
0.430244
0.430039
0.430498
0.429836
0.429555
0.429784
0.429494
0.429575
0.429637
0.429532
0.428564
0.429046
0.428711
0.428719
0.428862
0.429058
0.428998
0.429070
0.428940
0.428771
0.429270
0.429087
0.429266
0.429234
0.428602
0.428660
0.428862
0.429267
0.428942
0.428979
0.429088
0.429232
0.429105
0.428613
0.428490
0.428194
0.428345
0.428194
0.428554
0.428555
0.428815
0.428188
0.428214
0.428087
0.428093
0.428049
0.428276
0.428187
0.428163
0.428382
0.428278
0.428434
0.428613
0.428623
0.428486
0.428510
0.428324
0.428232
0.428329
0.428097
0.427984
0.428003
0.428136
0.427827
0.427853
0.427970
0.428015
0.427322
0.427263
0.427335
0.426788
0.426764
0.426562
0.426659
0.426602
0.427001
0.426824
0.426885
0.427090
0.427245
0.426994
0.426838
0.426788
0.426830
0.426870
0.427034
0.427283
0.427111
0.426536
0.426490
0.426527
0.426558
0.426503
0.426451
0.426536
0.425975
0.426041
0.425965
0.426094
0.426188
0.426287
0.425694
0.425749
0.425676
0.425750
0.425720
0.425972
0.426164
0.425902
0.426047
0.426075
0.426228
0.426158
0.426206
0.426381
0.426485
0.426400
0.426834
0.425354
0.425395
0.425450
0.425750
0.425686
0.425608
0.425498
0.425643
0.425771
0.425851
0.425903
0.425568
0.425501
0.425367
0.425062
0.424915
0.425106
0.425062
0.425029
0.425166
0.425011
0.425026
0.424809
0.424773
0.424818
0.424747
0.424705
0.424670
0.424487
0.424759
0.424556
0.424671
0.425034
0.425030
0.424847
0.425061
0.425249
0.425372
0.425148
0.425018
0.424945
0.424864
0.424939
0.424914
0.425264
0.425364
0.425618
0.425644
0.425551
0.425551
0.425047
0.425044
0.425225
0.424958
0.425083
0.424958
0.424870
0.424825
0.424784
0.424661
0.424263
0.424280
0.424304
0.424263
0.424424
0.424025
0.424409
0.424509
0.424697
0.424641
0.424801
0.425080
0.425029
0.424915
0.424907
0.425038
0.425109
0.425213
0.425238
0.424987
0.425100
0.424984
0.425013
0.424923
0.425074
0.425113
0.425444
0.425467
0.425281
0.425392
0.425489
0.425620
0.425606
0.425623
0.425808
0.425886
0.425521
0.425669
0.424660
0.424214
0.424765
0.424967
0.424993
0.424540
0.424686
0.425123
0.424884
0.424978
0.424842
0.424731
0.424724
0.425136
0.425134
0.425354
0.425015
0.424918
0.425022
0.425036
0.424659
0.425192
0.425159
0.425451
0.425217
0.424473
0.424671
0.424402
0.424402
0.424002
0.424356
0.424267
0.425054
0.425243
0.425092
0.425155
0.425100
0.425484
0.425441
0.425342
0.425286
0.425392
0.425230
0.425173
0.425279
0.425426
0.425672
0.425510
0.425305
0.425139
0.425178
0.425073
0.425272
0.425098
0.425270
0.425395
0.425616
0.425927
0.426193
0.426069
0.425730
0.425900
0.425693
0.425676
0.425097
0.425144
0.424982
0.425010
0.425222
0.425426
0.425492
0.425436
0.425101
0.424941
0.425161
0.425315
0.425373
0.424836
0.425102
0.424812
0.424840
0.424920
0.425157
0.425127
0.425083
0.425221
0.425263
0.425263
0.424436
0.424355
0.424104
0.424235
0.424737
0.424791
0.424627
0.424182
0.424314
0.424554
0.424787
0.424965
0.424854
0.424823
0.424802
0.424756
0.424520
0.424617
0.424627
0.424658
0.424169
0.424224
0.424320
0.423995
0.424045
0.424066
0.426009
0.425883
0.426355
0.425618
0.425468
0.425698
0.425412
0.425266
0.425142
0.425042
0.424772
0.424951
0.425063
0.425131
0.425393
0.425372
0.425629
0.425554
0.425298
0.425162
0.425481
0.425580
0.425665
0.425891
0.426178
0.426297
0.426295
0.425974
0.426292
0.426101
0.425966
0.425990
0.425819
0.426195
0.426288
0.426073
0.425850
0.425720
0.425907
0.426078
0.425722
0.425776
0.425795
0.425900
0.425776
0.424619
0.424636
0.424694
0.424514
0.424660
0.424825
0.424904
0.424861
0.425097
0.424935
0.424780
0.424806
0.424810
0.424708
0.424765
0.424907
0.424887
0.424410
0.423282
0.423256
0.423192
0.423395
0.423241
0.423149
0.422996
0.423122
0.422978
0.423750
0.423579
0.423711
0.423835
0.423812
0.423809
0.423787
0.424046
0.424026
0.424145
0.424156
0.424064
0.423962
0.423937
0.423930
0.423800
0.423953
0.423849
0.423874
0.423779
0.423903
0.423777
0.423688
0.423519
0.423362
0.422947
0.423667
0.423452
0.423392
0.423540
0.423383
0.423434
0.424213
0.424264
0.424425
0.424058
0.424088
0.423503
0.423651
0.423732
0.424815
0.424625
0.424446
0.424573
0.424665
0.424497
0.424148
0.423989
0.423753
0.424029
0.423646
0.423518
0.423789
0.424117
0.424042
0.424222
0.424645
0.424837
0.424843
0.424727
0.424778
0.425299
0.425671
0.425716
0.425725
0.425658
0.425830
0.425857
0.426022
0.426263
0.426194
0.425985
0.425897
0.425785
0.425587
0.425532
0.425316
0.425095
0.425317
0.425133
0.425464
0.425622
0.425883
0.425841
0.425733
0.425862
0.425558
0.425454
0.425761
0.425756
0.425753
0.425650
0.425551
0.426072
0.425973
0.425976
0.426009
0.425829
0.425840
0.426117
0.425974
0.425979
0.426160
0.425710
0.425672
0.425813
0.426123
0.425971
0.425935
0.426034
0.426317
0.426181
0.426231
0.426026
0.425990
0.425978
0.425832
0.425496
0.425442
0.425386
0.425172
0.425133
0.425270
0.425014
0.425036
0.425036
0.424756
0.424601
0.424769
0.424647
0.424597
0.424579
0.424629
0.424163
0.424535
0.424481
0.424202
0.424169
0.424064
0.424036
0.423980
0.423798
0.423788
0.423936
0.424307
0.423791
0.423886
0.423837
0.424038
0.423849
0.424368
0.424084
0.423962
0.424147
0.424333
0.424313
0.424332
0.424535
0.424469
0.424470
0.424535
0.424986
0.424510
0.424084
0.423983
0.423966
0.423547
0.423462
0.423429
0.423526
0.423615
0.423942
0.424051
0.423981
0.423981
0.424259
0.424159
0.424147
0.424287
0.424703
0.424544
0.424550
0.424209
0.424035
0.423942
0.423858
0.424006
0.424203
0.423972
0.423990
0.424022
0.423919
0.423900
0.424307
0.424131
0.424176
0.424127
0.424201
0.424156
0.424266
0.424223
0.424006
0.424375
0.424128
0.424126
0.424220
0.424287
0.425259
0.424424
0.424613
0.424735
0.424968
0.424277
0.424173
0.424173
0.424131
0.423709
0.423794
0.423478
0.423740
0.423805
0.423806
0.423644
0.423651
0.423784
0.423739
0.423593
0.423623
0.423440
0.423739
0.423761
0.424330
0.424325
0.424358
0.424508
0.424404
0.423832
0.424023
0.423921
0.423727
0.423738
0.423678
0.423857
0.423664
0.423889
0.424988
0.425139
0.425390
0.425411
0.425479
0.425489
0.425254
0.425268
0.425672
0.425710
0.425670
0.425776
0.425788
0.425787
0.426117
0.426875
0.426905
0.426629
0.426567
0.426703
0.426712
0.426821
0.425853
0.425669
0.425431
0.425563
0.426553
0.426413
0.426601
0.426311
0.426268
0.426287
0.426481
0.426246
0.425939
0.425782
0.426071
0.426031
0.426101
0.425870
0.425753
0.425869
0.425982
0.426067
0.426420
0.425624
0.425845
0.425274
0.425211
0.425350
0.425272
0.425277
0.424909
0.424670
0.424748
0.424873
0.424738
0.424852
0.424919
0.424799
0.425212
0.425314
0.425580
0.425305
0.425299
0.425280
0.424889
0.425191
0.425158
0.425157
0.425051
0.424897
0.424466
0.424484
0.424347
0.424311
0.424310
0.424351
0.424117
0.423993
0.424359
0.424398
0.423416
0.423494
0.423228
0.423335
0.423708
0.423937
0.424097
0.423942
0.423933
0.423922
0.423467
0.424504
0.424795
0.424329
0.424325
0.424954
0.424764
0.424426
0.424830
0.424344
0.424158
0.424198
0.424279
0.424421
0.424437
0.424439
0.424117
0.424207
0.424455
0.424751
0.424911
0.424741
0.424769
0.424572
0.424636
0.424321
0.424309
0.424283
0.424333
0.424474
0.424805
0.424720
0.424720
0.424669
0.424682
0.424434
0.424441
0.424370
0.424390
0.424643
0.424608
0.424536
0.424710
0.424789
0.424600
0.424648
0.424574
0.424587
0.424674
0.425520
0.425375
0.425501
0.425514
0.424869
0.424897
0.424754
0.424909
0.424445
0.424419
0.424898
0.424693
0.424625
0.424720
0.424457
0.424861
0.424799
0.425185
0.425116
0.424916
0.424806
0.425492
0.425257
0.425252
0.425297
0.425109
0.425080
0.425236
0.425332
0.425294
0.425040
0.424861
0.424768
0.424609
0.424741
0.425081
0.424457
0.425037
0.424997
0.425107
0.424701
0.425167
0.425263
0.424547
0.424899
0.424798
0.424886
0.424887
0.424835
0.424648
0.424789
0.424805
0.424923
0.425046
0.424823
0.424775
0.424764
0.425000
0.424898
0.424667
0.424831
0.425261
0.425255
0.425300
0.425440
0.425530
0.425598
0.425170
0.424847
0.425059
0.425023
0.424982
0.425642
0.425225
0.425231
0.425272
0.425135
0.425207
0.424777
0.424614
0.424798
0.424760
0.424631
0.424407
0.424639
0.424588
0.424624
0.424602
0.424561
0.424792
0.424667
0.424683
0.424685
0.424925
0.425025
0.425346
0.425365
0.425227
0.425239
0.425228
0.425204
0.425356
0.425445
0.425699
0.425848
0.426263
0.426258
0.426426
0.426344
0.426379
0.426561
0.426469
0.426537
0.426169
0.426196
0.426059
0.426220
0.425564
0.425770
0.424877
0.424877
0.424791
0.424934
0.424864
0.424855
0.425208
0.425073
0.425076
0.424868
0.424962
0.425006
0.424820
0.423903
0.424018
0.424092
0.424232
0.424177
0.424140
0.424110
0.423950
0.424098
0.424769
0.425179
0.425279
0.425566
0.425521
0.425537
0.425230
0.425304
0.425485
0.425262
0.425653
0.425483
0.426073
0.425809
0.425750
0.425886
0.425884
0.426058
0.426029
0.425737
0.425734
0.426042
0.425766
0.425084
0.425225
0.425492
0.425658
0.425720
0.425894
0.425100
0.425166
0.425377
0.425833
0.425946
0.425950
0.426077
0.426084
0.426001
0.425608
0.425667
0.425547
0.425548
0.425446
0.425574
0.425702
0.425897
0.426006
0.425761
0.425403
0.425374
0.425159
0.424703
0.424978
0.425088
0.424727
0.424901
0.424751
0.425064
0.424921
0.424975
0.425262
0.424922
0.424822
0.424936
0.425010
0.424776
0.425023
0.425116
0.425864
0.425937
0.426209
0.426068
0.426098
0.426140
0.426098
0.426324
0.426347
0.426231
0.426272
0.426413
0.426491
0.426212
0.426169
0.426005
0.425913
0.426149
0.425952
0.425834
0.426063
0.426199
0.425871
0.425783
0.425926
0.425888
0.425979
0.426152
0.426175
0.426080
0.425963
0.426211
0.426312
0.426350
0.426084
0.425682
0.425870
0.425626
0.425522
0.425585
0.425714
0.425724
0.425728
0.425691
0.425701
0.426179
0.426321
0.426184
0.426326
0.426269
0.426122
0.426186
0.425974
0.426554
0.426544
0.426321
0.426364
0.426043
0.426175
0.426039
0.426170
0.425760
0.425829
0.425330
0.425170
0.425390
0.425145
0.424669
0.424505
0.424823
0.424823
0.424875
0.424796
0.424645
0.424732
0.425024
0.424969
0.424690
0.424887
0.425685
0.425861
0.425867
0.425679
0.425568
0.425896
0.425940
0.426136
0.426399
0.426525
0.426481
0.426481
0.426135
0.425945
0.425794
0.425771
0.425781
0.426115
0.425960
0.426409
0.425960
0.425960
0.425415
0.425263
0.425173
0.425344
0.425474
0.425658
0.425432
0.425675
0.425644
0.425766
0.425595
0.425592
0.425443
0.425566
0.426281
0.426404
0.426477
0.426603
0.427033
0.426929
0.427037
0.427144
0.426881
0.427157
0.427098
0.426999
0.426918
0.426979
0.427018
0.426816
0.426657
0.427608
0.427641
0.427676
0.427451
0.427358
0.427116
0.427264
0.427320
0.427790
0.427892
0.427969
0.427998
0.428042
0.427697
0.427767
0.427616
0.427664
0.427968
0.427094
0.427468
0.427708
0.427797
0.427829
0.427952
0.428111
0.428068
0.427929
0.427787
0.427903
0.427836
0.427344
0.427402
0.426766
0.426876
0.426916
0.426986
0.427540
0.427513
0.427453
0.427348
0.427078
0.426925
0.426977
0.426977
0.426953
0.427192
0.427182
0.427098
0.427422
0.427450
0.427758
0.427763
0.427875
0.427808
0.427792
0.428081
0.428173
0.427735
0.427891
0.428404
0.428289
0.428118
0.428180
0.428234
0.427958
0.427662
0.427946
0.427633
0.427208
0.427407
0.427284
0.427374
0.427334
0.427249
0.427336
0.426576
0.427587
0.427660
0.427872
0.427612
0.427621
0.427464
0.427329
0.427392
0.427170
0.426921
0.427831
0.427524
0.427309
0.427217
0.427590
0.428048
0.427833
0.428095
0.428144
0.427207
0.426792
0.426992
0.427099
0.426607
0.426459
0.426481
0.426308
0.425980
0.425826
0.425980
0.425958
0.425979
0.425291
0.425209
0.425544
0.425419
0.425392
0.425164
0.424504
0.424581
0.424416
0.422757
0.422914
0.422938
0.423005
0.423037
0.423064
0.423495
0.423478
0.423393
0.423277
0.422950
0.422988
0.422641
0.422925
0.422847
0.422786
0.422206
0.422480
0.422588
0.422279
0.422332
0.422376
0.422160
0.422363
0.422133
0.422207
0.422219
0.422141
0.422063
0.422127
0.421731
0.421798
0.422352
0.422237
0.422443
0.422675
0.422954
0.423027
0.422752
0.422747
0.422548
0.422666
0.422855
0.422924
0.422966
0.422809
0.422694
0.423042
0.423216
0.423219
0.423341
0.423140
0.423759
0.423757
0.423906
0.423927
0.423754
0.423719
0.423783
0.423946
0.423888
0.423802
0.423949
0.423812
0.423781
0.423835
0.423868
0.423540
0.423333
0.423393
0.423309
0.423306
0.422943
0.423168
0.423187
0.423373
0.423402
0.423653
0.423788
0.423977
0.424232
0.424301
0.424104
0.424282
0.424042
0.424030
0.424122
0.423387
0.423547
0.423556
0.423525
0.424088
0.424165
0.424194
0.424142
0.424255
0.424131
0.424165
0.424152
0.424298
0.424294
0.424566
0.424582
0.424360
0.424504
0.424125
0.423717
0.423978
0.424071
0.423898
0.423654
0.423631
0.423790
0.424118
0.424323
0.424110
0.424384
0.424492
0.424774
0.424683
0.424715
0.424111
0.424588
0.424776
0.425385
0.425325
0.424415
0.424406
0.424863
0.424960
0.424742
0.424642
0.424428
0.423738
0.424029
0.423258
0.423148
0.423025
0.423456
0.423701
0.423168
0.423124
0.423296
0.423139
0.423497
0.423278
0.423697
0.423607
0.423623
0.423532
0.423515
0.423626
0.423576
0.423314
0.423343
0.423217
0.423179
0.423441
0.424184
0.423509
0.423738
0.424405
0.424610
0.424205
0.424889
0.424945
0.424706
0.424573
0.424578
0.424507
0.425103
0.425039
0.424015
0.424105
0.424242
0.425164
0.424539
0.424415
0.424809
0.425012
0.424912
0.424333
0.424394
0.424214
0.424027
0.424087
0.424405
0.424526
0.425136
0.424649
0.424762
0.424818
0.425356
0.425109
0.424881
0.425024
0.424746
0.424044
0.424594
0.424611
0.424768
0.425186
0.425073
0.424829
0.425312
0.424883
0.424650
0.424546
0.424968
0.425510
0.425254
0.425185
0.425180
0.425658
0.425582
0.425402
0.425346
0.424684
0.424857
0.424880
0.425096
0.424880
0.424530
0.424391
0.424316
0.424183
0.424410
0.424044
0.424553
0.424431
0.424924
0.425083
0.424938
0.425012
0.425220
0.425050
0.425050
0.425194
0.425132
0.425380
0.425589
0.425589
0.425749
0.425913
0.425629
0.426357
0.426650
0.426649
0.426691
0.426881
0.426584
0.426358
0.426380
0.426347
0.426235
0.426027
0.425583
0.425825
0.425849
0.426945
0.427101
0.427077
0.427214
0.426904
0.426984
0.427230
0.427203
0.426874
0.426933
0.426961
0.427000
0.426933
0.427124
0.427318
0.427035
0.426898
0.426841
0.426986
0.427906
0.427746
0.427972
0.428245
0.428114
0.427985
0.428203
0.428207
0.428228
0.428400
0.428749
0.429125
0.429088
0.429408
0.429374
0.429235
0.429330
0.429645
0.430244
0.430327
0.430402
0.430427
0.430422
0.430434
0.430243
0.430441
0.432022
0.431845
0.432229
0.431727
0.431534
0.431316
0.431776
0.431495
0.431562
0.431606
0.431707
0.431407
0.431838
0.431722
0.431618
0.431709
0.432617
0.432176
0.432094
0.432232
0.432516
0.432486
0.432462
0.432361
0.432259
0.432336
0.432196
0.432038
0.432356
0.432360
0.432288
0.432442
0.432737
0.432875
0.432934
0.433057
0.432960
0.433050
0.433326
0.433144
0.433092
0.433079
0.432966
0.433504
0.432728
0.432505
0.432498
0.432694
0.432090
0.432003
0.432412
0.432364
0.432546
0.432553
0.432543
0.432477
0.432253
0.432266
0.432293
0.432175
0.432255
0.432259
0.432572
0.432564
0.432086
0.432145
0.431813
0.431931
0.431922
0.432073
0.432434
0.432429
0.432096
0.432110
0.432125
0.431964
0.432513
0.432591
0.432621
0.432460
0.432415
0.432575
0.432299
0.432482
0.432523
0.432650
0.432375
0.432471
0.432598
0.432746
0.433017
0.432836
0.432656
0.432691
0.432827
0.432841
0.433018
0.433051
0.433411
0.433366
0.433176
0.433558
0.433445
0.433689
0.433444
0.433872
0.434077
0.433849
0.434227
0.434008
0.433836
0.434237
0.434125
0.434052
0.433793
0.434255
0.434176
0.434376
0.434071
0.434425
0.434019
0.433938
0.433906
0.432579
0.432808
0.432611
0.432876
0.432546
0.432463
0.432315
0.432194
0.431990
0.432196
0.431668
0.431402
0.431369
0.431174
0.431407
0.431483
0.431648
0.431819
0.432025
0.431994
0.432014
0.432248
0.432195
0.432359
0.432313
0.432197
0.432178
0.431999
0.431942
0.431835
0.432114
0.431924
0.431939
0.432045
0.432163
0.431715
0.431799
0.431797
0.431439
0.431432
0.431627
0.431688
0.431897
0.432230
0.432267
0.432553
0.432251
0.432090
0.431881
0.431903
0.431804
0.431921
0.431926
0.431621
0.431677
0.431314
0.432006
0.431883
0.431883
0.432113
0.432092
0.432144
0.432224
0.432757
0.432759
0.433120
0.432565
0.432373
0.432595
0.432068
0.431935
0.432143
0.432268
0.432268
0.432185
0.432152
0.432302
0.432365
0.432233
0.432588
0.432435
0.432458
0.431973
0.431951
0.432269
0.432564
0.432723
0.432831
0.432722
0.431959
0.431391
0.431274
0.431299
0.431371
0.431032
0.430945
0.430820
0.430967
0.430794
0.430778
0.430647
0.430509
0.430747
0.430781
0.430952
0.431502
0.431476
0.431654
0.432613
0.432719
0.432869
0.432886
0.432950
0.432990
0.432844
0.432804
0.433457
0.433651
0.433696
0.433447
0.433438
0.433176
0.433087
0.433246
0.433428
0.433240
0.433897
0.433907
0.433774
0.433639
0.433572
0.433456
0.433381
0.433488
0.433496
0.433604
0.433666
0.433366
0.433407
0.433427
0.433484
0.433508
0.433687
0.433674
0.433259
0.433045
0.432748
0.432654
0.432846
0.432867
0.433364
0.433251
0.433264
0.434283
0.434494
0.434338
0.434338
0.434197
0.433872
0.433919
0.433587
0.433876
0.433639
0.433734
0.433956
0.433880
0.434532
0.434104
0.433918
0.434240
0.434342
0.434414
0.434352
0.434320
0.434360
0.434344
0.434273
0.434213
0.434095
0.433831
0.433937
0.433887
0.434066
0.434136
0.434389
0.434360
0.434545
0.434382
0.434411
0.434355
0.434244
0.434373
0.434297
0.434189
0.434428
0.434269
0.434433
0.434379
0.434662
0.434623
0.433950
0.434077
0.434090
0.434260
0.434889
0.435038
0.434955
0.434877
0.434694
0.434448
0.434776
0.434577
0.434468
0.434917
0.434554
0.434478
0.434432
0.434636
0.434119
0.433968
0.434183
0.434579
0.434284
0.434925
0.435316
0.435738
0.435565
0.435765
0.435783
0.435457
0.435423
0.435024
0.435228
0.435333
0.435742
0.435775
0.435558
0.435338
0.435489
0.435384
0.435568
0.435584
0.435333
0.435327
0.435528
0.435560
0.435675
0.435629
0.435389
0.435675
0.435560
0.435441
0.435553
0.435756
0.435884
0.435934
0.436108
0.436143
0.436158
0.436302
0.436052
0.435930
0.436052
0.436001
0.435796
0.435869
0.435994
0.436360
0.436305
0.436262
0.436578
0.436129
0.436136
0.436029
0.435709
0.435824
0.436120
0.435931
0.435879
0.435970
0.435713
0.435594
0.435467
0.435272
0.435435
0.435661
0.435459
0.435465
0.435035
0.435159
0.435292
0.435223
0.435259
0.435050
0.434969
0.434460
0.434514
0.434535
0.434685
0.434448
0.434490
0.434554
0.434187
0.434198
0.434220
0.433931
0.433843
0.433654
0.433294
0.433420
0.433684
0.433661
0.433721
0.433721
0.433450
0.433481
0.433722
0.433339
0.433291
0.433231
0.433292
0.433612
0.433622
0.433652
0.433691
0.433313
0.433249
0.433397
0.433385
0.433665
0.433143
0.432664
0.432993
0.432682
0.432756
0.432735
0.432570
0.432492
0.432615
0.432475
0.432415
0.432157
0.432620
0.432219
0.431961
0.431575
0.431362
0.430893
0.431024
0.430680
0.430531
0.431025
0.431005
0.430892
0.430956
0.430586
0.430954
0.430812
0.430674
0.430567
0.430822
0.431062
0.430964
0.430959
0.431032
0.431098
0.431046
0.430893
0.430428
0.430507
0.430644
0.430831
0.430643
0.430815
0.430984
0.430685
0.430763
0.430637
0.430831
0.430650
0.430588
0.430864
0.430622
0.431089
0.431150
0.430907
0.431560
0.431892
0.431764
0.430857
0.431516
0.431490
0.431280
0.431440
0.431164
0.431299
0.431511
0.431480
0.431489
0.431388
0.431413
0.431222
0.431211
0.431078
0.431231
0.431422
0.431228
0.431399
0.431631
0.431819
0.431506
0.431334
0.431171
0.431179
0.431158
0.431005
0.430899
0.431942
0.431848
0.431848
0.431749
0.431745
0.431585
0.430995
0.430916
